1.52 1 -3.88 16.07 3.72 -5.39 1 3.04 -56.68 -573.63 -323.76 -988.75 -423.3 -0.93 1.43 -314.12 -1642.23 608.39 -470.78 -1984.86 -57.45 1 -1246.78 -1746.06 3678.14 -473.07 -2279.68 -93.04 0.49 -1770.83 -1027.05 2832.79 -1569.78 -1605.92 -21.46 -1.74 -713.88 -1503.54 -1003.37 -805.88 -12.01 -0.56 1 29.39 -41.1 -149.35 -13.55 1 1 1.27 
1 27.65 367.46 403 122.34 -28.88 1 1 -350.88 66.25 193.71 -110.27 -265.31 12.47 1.68 694.61 -1075.73 -1409.54 -778.5 -321.32 -51.97 5.9 -987.75 -1530.76 1450.69 -824.52 -1208.4 -7.42 43.62 163.96 2349.67 2383.81 469.95 -532.04 185.25 -2.61 -69.81 1118.03 -1046.21 480.66 268.99 5.65 1 -8.44 -211.48 -750.15 -8.91 6.67 1 1.6 
1 1 -0.22 606.08 -31.02 -24.58 1 8.13 339.96 2802.93 277.68 335.22 2012.88 -3.84 8.42 133.7 -2195.17 639.67 -786.5 -2551.06 -123.58 1.12 -737.11 137.02 4645.88 1723.59 -3044.41 -242.6 431.01 994.87 -2912.98 -2059.27 284.34 1256.18 -145.2 60.95 350.17 374.07 -1732.35 515.75 1406.57 -22.26 3.01 732.04 1979.81 -2348.58 -53.01 288.22 1 0.67 
1 1 -33.16 -22.13 -11.15 -2.44 1 1 -16.63 -285.75 -1794.44 -1721.05 464.03 66.29 1 -23.01 23.69 -1633.3 164.99 -677.09 -53.87 23.35 236.42 817.89 1649.87 2645.2 -1197.5 -68.11 53.96 -650.52 29.18 2097.75 485.7 -1165.2 -14.17 -1.74 -886.58 -2422.85 -1341.59 -788.64 -267.32 2.8 1 -4.23 -20.67 106.87 123.98 23.05 1 1.29 
1 1 -350.36 -250.22 -8.92 9.08 3.16 1 453.41 956.53 -428.87 -1400.96 2113.65 642.69 1 -140.49 1655.68 1214.29 -1296.86 186.9 1027.09 1 -2023.7 506.59 5290.75 -729.06 -2453.03 -215.24 -0.53 -920.91 -3342.38 900.91 -2847.23 75.96 -28.55 149.38 299.02 1148.26 -806.76 1358.02 783.79 -5.84 1 205.36 967.81 -133.34 80.74 3.25 1 2.49 
1 15.96 11.38 745.3 1198.48 301.09 1 1 -48.38 -1316.63 -272.13 -1740.71 -793.98 54.92 1 -329.98 -1386.06 -1015.9 -3584.4 -2639.93 -54.64 1 -817.92 483.22 3563.69 1271.75 591.7 99.44 -0.53 -868.7 2778.64 3616.04 1338.16 1044.43 55.02 -7.22 -993.94 -1829.36 -1775.68 -1149.39 -431.3 -6.58 1 -9.64 -245.44 -566.37 -36.56 1 1 1.2 
1 1 -3.88 -2.79 -13.65 -5.68 1 16.14 130.72 -38.46 -1643.04 -2099.67 -569.4 -0.58 170.16 1429.88 1136.12 637.05 1690.78 -568.54 -55.61 28.23 -117.18 -1326.78 347.29 1951.83 -1143.28 -91.22 0.49 -1458.09 -1041.84 1467.02 -33.48 -1108.85 -20.06 -1.71 -807.24 -1905.79 -1617.23 -419.32 -264.58 -1.28 4.36 167.82 793.18 845.29 677 13.54 1 1.28 
1 1 -18.52 -14.16 -13.65 -5.68 1 1.68 27.17 220.76 -333.18 -317.26 272.45 70.41 5.99 222 339.85 -849.52 -534.91 -166.27 103.66 1.86 -746.64 -37.05 3220.98 865.86 -1239.24 -53.17 3.32 -1050.49 631.1 1564.85 -1291.64 -743.74 1.58 -1.74 -4.51 -213.22 -1421.02 -50.8 370.43 -0.72 1 47.68 296.78 65.49 231.29 28.51 1.21 0.91 
1 1 -130.76 -101.33 -13.65 -5.68 1 1 -28.52 -337.95 -709.6 -886.51 -338.15 -0.93 1.26 294.88 791.53 -560.46 308.54 436.06 -75.68 8.56 365.95 547.8 1111.83 2073.53 346.31 -129.44 0.49 -816.48 -473.81 1300.66 269.38 -1433.28 -19.36 -1.74 -677.3 -915.09 -2087.45 -1203.31 416.72 0.16 1 140.12 1192.67 869.44 530.85 251.38 1.06 1.42 
-0.04 54.3 268.1 432.22 168.24 6.77 1 -3.08 529.61 4260.69 1649.23 -199.47 -924.29 7.7 1.07 588.63 575.97 -2977.68 -126.79 554.91 3.74 3.45 200.96 373.71 -3337.68 1583.01 1364.1 431.21 49.46 1905.89 3581.93 185.56 1779.76 2535.78 474.53 34.47 416.27 -645.7 396 1134.08 1109.09 171.19 1 -134.32 -252.63 20.58 302.39 6.45 1 0.95 
0.48 1 3.99 -140.25 -17.86 7.77 1 4.37 387.85 2560.65 259.93 704.1 -1556.59 1 6.2 194.35 -199.81 -1054.62 688.64 1710.88 1 1.04 27.89 948.45 -120.3 390.81 493.59 1 58.67 625.63 1.67 -2152.35 514.74 893.7 1 189.26 -21.24 321.34 1016.3 479.86 -376.4 0.28 1.67 46.79 753.39 844.6 664.81 22.33 1 1.29 
0.48 1 1 -2.93 -12.26 3.95 1 -1.04 41.05 343.03 -1423.94 -667.63 248.55 27.23 0.57 181.58 1544.12 -1566.21 556.12 658.86 4.53 5.35 849.28 2909 -1802.17 2908.53 631.74 19.9 5.51 469.83 359.37 -750.34 1494.37 247.13 6.42 1 -454.82 -892.29 -353.62 101.26 -179.07 4.36 1 -108.97 209.36 242.82 132.78 23.05 1 0.87 
0.48 1 1 -53.71 -11.57 10.07 1.72 -1.04 41.52 277.4 -751.28 474.45 214.42 181.69 0.57 92.66 1085.78 -464.01 -32.02 1879.51 636.67 1 161.67 1899.03 -991.62 105.14 241.13 3.72 1 1215.72 -172.97 -1207.08 937.93 583.19 7.59 3.9 -30.49 989.6 835.71 -235.78 -270.32 0.28 1 -79.73 294.77 274.2 61.21 1.75 1 0.92 
0.48 8.88 90.62 407.11 621.59 108.71 1 -1.04 55.05 257.79 -311.17 -382.42 107.31 250.6 0.57 25.79 412.34 -1265.49 -1537.3 248.84 17.57 1 241.55 1705.16 -1294.02 1083.29 1258.17 79.98 1 356.75 2383.58 -215.87 2385.27 1287.98 43.24 1 -117.93 -160.61 566.57 -246.9 -291.42 0.71 1 -33.57 -94.96 -70.77 -5.48 1 1 1.04 
0.48 1 1 -6.33 -14.76 0.71 1 7.06 149.07 605.84 -923.91 -529.18 -343.07 1.35 78.52 1047.93 2290.66 279.48 2163.9 752.88 1.99 22.36 430.4 100.48 -2806.82 2279.74 420.97 1.91 1 76.65 -431.99 -687.38 985.82 128.84 1.7 1.03 -240.61 -417.55 346.5 -242.72 -280.14 0.28 4.36 41.05 911.62 1079.08 448.61 10.43 1 1.01 
-0.56 1 1 -840.62 -220.64 0.13 1 -3.08 168.81 1645.42 -772.48 1737.02 1977.88 218.43 14.28 325.16 3083.33 -1258.32 -2387.91 3991.95 271.18 2.72 16.72 426.23 -1021.96 1166.89 1272.4 32.54 6.66 449 1135.49 -1718.99 383.33 935.97 8.68 1 -2154.62 875.76 2411.04 -60.08 -458.32 -0.04 1 -476.97 1456.36 3279.39 1154.93 84.22 1.42 -1.46 
0.48 1 1 -6.33 -14.76 0.71 1 -1.04 18.91 143.36 -1029.75 -326.33 -304.07 1 0.7 213.5 1434.34 -242.31 1175.76 525.43 3.91 4.78 539.94 1785.38 -846.75 2137.64 365.49 1 1 179.3 -542.66 -705.92 334.25 167.49 3.1 1 -258.72 -1300.38 559.47 -787.35 -352.66 1 1 -18.6 692.87 1256.03 486.07 84.93 1.03 1.37 
1 -148.1 -1349.7 134.4 -3219.62 4498.34 1 48.96 124.89 1887.68 1743.69 2009.92 1967.8 -42.55 -1880.05 2303.85 -2044.55 4166.56 419.72 -2826.81 -16.81 -3.62 2637.54 -784.77 2020.81 2518.69 -1325.86 -5290.27 2285.23 -97.25 -3112.01 -4775.28 1034.82 -3000.02 -2586.15 2252.21 -89.5 171.06 -3952.25 350.33 -3380.69 -9561.44 6.36 8601.87 6763.18 -392.13 1869.03 16259.1 1 -0.75 
1 -36.99 -259.24 -335.88 -303.14 3.78 1 1 62.69 -1530.9 -3214.22 -1904.3 1296.56 95.65 -1.04 -165.02 1566.83 -899.14 631 61.29 5.33 -8.8 1332.48 4312.74 -1064.01 3424.93 -643.63 -366.52 -119.29 -1536.68 -3162.71 -179.36 644.92 -2113.19 -508.35 -43.07 -1573.11 -2961.85 880.76 362.07 -1153.2 -89.4 1 0.35 239.84 654.43 211.22 45.69 1 1.22 
1 -52.3 -342.37 -203.8 -261.51 16.62 3.16 1 -687.53 -568.41 -1827.79 -863.55 -596.82 400.93 -0.36 -1137.08 2223.92 2183.78 -5.73 3513.94 1798.17 -3.9 485.59 4180.97 1774.31 306.97 -111.16 -414.24 -83.58 -485.06 -5733.24 -2783.41 -830.76 -1768.16 -705.09 -43.62 -1059.44 396.13 939.93 771.01 -171.54 -526.71 1 61.53 932.45 1156.59 -40.7 -7.21 1 2.32 
1 -330.74 -1761.78 -1732.65 2509.19 7390.49 1 1 -884.03 -1287.09 -2524.49 -781.33 -550.46 4594.9 -4.44 -5912.75 429.7 -1664.29 -2863.5 -830.45 4770.41 -1532.7 2351.9 3598.79 -116.81 334.99 1901.67 -2732.77 -2958.97 -5194.93 -1691.4 310.15 1481.37 2146.07 -8249.8 -209.22 2390.07 409.71 1808.38 2421.96 -5101.52 -990.16 1 -7.24 -46.41 -112.82 -173.78 -29.94 1 -19.12 
1 -25.65 -160.59 -289.7 -138.57 -4.95 1 17.91 -51.55 -491.36 54.01 -216.34 -65.86 -2 35.8 -114.74 511.74 765.11 1420.92 -234.6 0.62 20.59 257.23 307.52 -211.69 1571.82 -357.31 -269.28 -41.29 -2038.55 -1302.92 -858.28 109.41 -1081.58 -327.47 -25.48 -1559.05 -1770.29 -726.9 -354.72 -1637 -95.6 21.16 755.84 1720.14 1022.62 671.29 -18.56 1 1.19 
1 -87.15 -12130.6 -5193.02 -17555.2 -106.73 1 2900.52 4044.31 -5352.92 -330.59 547.46 -1673.37 8060.55 20369.6 -9338.7 146.37 -1227.82 -3415.24 2367.18 12537.5 -6.95 16841.6 3484.85 7839.73 2186.02 -3182.9 -25151.8 -1160.31 -9577.87 -5473.56 -3675.7 233.01 15.17 -10601.5 -140.38 1639.41 690.69 1739.73 -879.82 -1699.48 -21167.7 1 -2506.66 34822 9852.92 2075.54 49660.4 52.03 -364.25 
1 -52.3 -315.01 -538.64 -257.92 -10.9 1 1 -405.79 -554.23 -235.28 714.68 -72.1 -5.7 -9.49 1572.32 1959.62 1301.99 847.73 177.84 6.99 7.44 3261.72 3389.32 -1315.06 2250.67 877.43 -612.33 -88.87 -2391.17 -4199.55 -1709.31 -76.72 -2163.53 -886.61 -52.32 -1085.76 -3547.78 -488.5 -866.77 826.42 -147.18 1 398.69 1815.95 1566.31 1342.73 993.09 3.25 0.68 
1 1 -1.99 11.99 -8.81 -1.89 1 -4.41 -338 -1364.07 -2327.01 -977.23 373.4 30.38 -5.06 -101.96 891.05 -809.94 -137.17 -223.38 4.53 5.31 693.09 2056.91 -1154.1 1509.11 280.62 24.01 -46.09 -47.56 578.43 1951.43 -344.58 -598.47 8.17 -127.85 -1301.61 -1922.48 -1225.04 -621.44 -398.12 5.08 0.33 -87.14 -133.98 -169.89 114.6 1.05 1 1.15 
1 1 -36871.7 484.03 -5519.2 -736.14 505 -92.62 -7040.45 -1133.28 -1955.76 1267.42 2388.47 14959.1 -919.93 -3421.11 5961.09 382.13 -3844.91 2088.92 32720.9 -52.4 748.04 1820.3 -1738.42 -1284.18 -6210.6 101.64 -33164 2116.38 -2144.29 1237.2 -653.3 1096.72 58324.8 7982.68 -3293.84 1625.04 -2319.39 899.87 4746.75 1 -492.79 -5786.48 -2785.76 -1797.27 -15353.7 -29799 1 1592.14 
1 8.88 91.42 403.42 641.74 158.75 1 -4.41 -413.72 -1702.27 -957.85 -541.14 -147.57 58.6 -5.06 -388.77 435.9 -123.7 -2740.43 -325.88 13.93 0.96 137.09 1172.38 -1115.16 -395.94 1153.53 87.06 -60.48 -62.25 3056.69 2186.35 578.33 528.26 44.8 -52.16 -924.24 -1141.67 -100.95 -1045.88 -543.15 1.43 0.33 -68.82 -426.04 -623.52 -251.16 -60.47 1 0.97 
1 1 -196.34 -229.71 -11.31 -5.13 1 41.22 344.44 210.39 -1722.9 -552.34 -677.58 1.35 130.46 979.74 809.62 513.76 860.36 -973.92 1.99 58.1 338.41 -24.42 -1603.85 417.52 437 1.91 -50.6 -355.27 153.78 1726.44 214.8 -437.04 1.7 -106.94 -1408.5 210.96 -869.84 -1337.02 -1748.3 1 3.69 -827.28 -369.83 265.04 202.59 -314.43 1 1.74 
1 1 -13.95 -129.86 -158.05 -113.35 1 323.69 -221.07 -12128.9 -7011.53 308.87 -922.99 6812.15 2768.04 -4243.06 6895.68 -11634.6 -3844.64 3919.74 15948.7 -18.8 -3247.54 -322.84 -798.33 -7492.96 4499.12 292.82 -1091.5 -9921.84 12717.9 5573.44 -3068.02 4140.74 16.36 -1636.29 -175.95 2561.85 8956.37 7716.79 11656.4 3.8 -2.35 -19281.2 -440.93 4328.66 11336.5 -51790.5 2.05 -412.7 
1 1 -1395.33 -2222.89 -126.96 -18.32 1 -2591.42 2024.33 -1560.41 -1706.17 2477.7 -7494.86 1 -153.74 2808.85 3920.89 -1043.69 176.96 -3114.62 21.37 5.26 5425.92 1717.94 -2476.52 4149.71 2623.2 1 -215.36 2762.48 -7930.57 5777.85 -2013.91 -5298.59 15.7 -1180.73 -1651.67 -780.6 -1738.04 -412.93 -463.97 452.44 -47.24 -6135.56 -4075.55 -2864.93 -1467.14 581.11 19.81 22.33 
1 1 1 4.82 7.54 7.12 1.72 1 1.47 179.34 1025.95 406.14 387.57 277.67 1 -9.8 54.6 1390.5 -536.44 794.56 266.48 -4.85 -625.66 -434.85 609.98 -2258.6 -370.04 -12.46 -7.59 832.63 -207.9 -945.04 61.83 382.61 7.48 3.9 636.97 1595.76 741.03 317.06 193.17 -3.08 1 34.04 -55 8.29 -156.86 -20.3 1 1.31 
1 8.88 157.73 438.33 441.67 104 1 1 1.45 505.31 1107.8 220.7 -628.2 77.37 1 -109.74 -183.11 231.01 -1822.64 -524.78 8.51 -3.35 -676.77 -611.97 -19.01 -1376.45 801.33 36.74 -3.51 -303.59 1595.4 -321.85 163 1002.68 27.34 1 56.92 984.22 325.92 201.05 73.51 -6.73 1 0.05 -112.44 -403 -139.07 -21.05 1 0.62 
1 1 1 -50 -1.5 -2.24 1 9.1 199.88 1012.97 706.62 -309.43 -1021.03 -50.78 78.95 874.96 1258.74 1690.68 358.97 -235.84 0.7 49.97 -865.55 -1842.28 -1316.61 -18.19 7.18 -17.68 -3.51 -1215.89 -188.22 -614.36 -61.29 12.69 -3.52 1.03 144.98 874.35 539.24 -316.87 -40.79 -3.08 4.36 80.41 -54.57 737.3 384.49 -11.62 1 0.79 
1 1 1 -12.6 -6.66 -11.96 1 3.04 107.8 779.57 3691.31 2136.63 -868.59 79.3 16.37 807.78 948.5 1462.81 -1579.18 1481.87 760.96 -8.98 -1057.57 -2917.09 1372.32 -3965.84 381.32 88.91 -10.95 -860.26 1878.67 -488.27 -1668.3 255.09 -8.43 1 1151.95 3456.82 1390.39 1608.15 970.14 -5.48 1 63.23 -94.38 235.77 344.08 32.97 1.63 0.42 
1 1 1 -237 -16.08 -60.56 1 1 -28311.8 1404.17 4182.04 8792.7 -124.39 -9175.34 1.91 12792.3 6914.81 9281.21 1853.7 2553.35 -23299.2 -23.85 -1866.84 -4663.02 -5506.53 -1361.49 502.88 -2696.04 -55.05 -3008.87 -3014.16 -3640.67 -3044.16 -27120.4 -156.71 1 14147.2 -3859.57 -790.12 -3753.27 18851.7 2340.28 1 22267.4 1726.46 2581.19 6604.68 -2728.63 99.49 -360.85 
1 8.88 90.62 307.28 478.09 174.4 0.28 1 14.53 -284.5 48.05 -169.17 -958.09 -82.78 1 -127.91 -915.43 -604.64 -1126.42 -925.53 -267.01 1 0.91 -387.05 -547.67 312.22 917.28 69.1 1 -390.75 2264.35 1129.5 665.15 557.57 20.72 -4.8 -663.04 -791.8 -32.77 -638.27 -221.31 1.43 1 -34.84 -333.96 -421.99 -76.61 0.25 1 0.64 
1 1 1 -11.96 -8.04 -8.36 0.28 9.1 112.6 -150.95 -642.07 -931.03 -1114.94 -207.85 78.95 910.87 716.61 293.92 1694.02 -552.25 -295.14 22.36 210.57 -2059.53 -1377.69 1632.79 222.94 -0.81 1 -783.14 -466.82 1200.49 -152.69 -361.42 -4.89 -4.77 -522.69 -1354.59 -207.81 -924.3 -227.82 1 4.36 16.04 305.71 774.95 391.84 9.68 1 0.9 
1 1 1 -16917.9 -5500.6 -6063.2 -1392.92 3.04 13462.1 -2297.27 -646.28 -2280.96 -3996.07 -6982.19 6139.97 1263.94 -29.02 -4185.97 1593.96 -1452.09 -14348.9 19.06 4772.92 -1553.65 366.12 3617.54 14121.5 -5045.87 60.43 -8085.94 7270.56 3449.43 -3514.36 -18620.5 -28709.8 -115926 4061.75 -578.38 945.22 2047 8624.72 46.36 1 8565.1 -2415.06 2731.28 5303.7 27950.2 18.01 -3202.6 
1 1 1 -99.54 -17.08 -17.72 -0.44 1 -59.99 -1534.98 107.76 -895.81 -3474.91 -592.97 1.26 -287.4 891.19 -1974.21 1746.76 -1263.76 -931.61 8.56 1344.88 -1146.15 -176.73 3533.12 2449.61 -12.6 1 -1825.09 -1371.83 2978.3 -592.41 -1101.47 -19.71 -280.3 -1484.31 -1887.75 -586.06 -594.79 -313.92 2.44 1 -578.74 -23.87 949.09 1515.89 192.93 1.06 -0.34 
1 -6.88 -88.62 -313.77 -441.78 -93.72 1 9.1 155.04 81.01 -815.66 -562.45 -51.29 -17.85 78.95 1009.7 1251.68 1334.28 3110.73 664.7 -5.1 22.36 179.38 -1661.18 -880.67 1236.87 -805.26 -77.07 1 -239.35 -2173.34 -70.18 -442.16 -1125.77 -40.54 1.03 3.19 -380.53 237.87 -105.93 -116.36 0.57 4.36 81.36 740.71 1005.6 508.04 10.43 1 1.28 
1 -28.16 -227 -1008.62 -1559.6 -466.64 1 2.36 66.5 916.14 1195.24 1457.81 339.13 -924.81 11.78 1075.9 3329.74 -432.64 3326 3481.57 686.85 3.58 198.84 -1593.63 2094.32 517.38 -1504.5 -30.61 9.49 -581.74 -4227.39 -1529.19 -3841.14 -2831.48 -94.11 1 1246.96 1025.14 4.16 1324.69 727.84 2.01 1 95.82 1045.27 1402.33 503.73 89.45 1.84 0.75 
1 -6.88 -109.5 -398.27 -456.18 -93.72 1 1 42.07 74.82 -252.25 170.56 142.75 -56.6 1.13 722.88 712.93 402.4 2080.2 386.22 -40.94 4.78 853.11 -145.85 -133.23 926.37 -540.17 -132.88 1 -238 -1486.96 -16.72 -518.28 -845.35 -39.14 1 -63.81 -715.65 -450.45 -413.75 827.38 7.05 1 55.93 531.08 727.26 432.54 234.95 1.27 1.38 
1 1 1 1 1 1 1 -5.14 -13.31 17.15 787.15 1014.06 595.2 71.54 -90.05 6.14 -309.51 -1745.61 -1706.8 688.86 354.79 -25.2 -130.63 1352.12 1534.55 -1494.19 -226.53 72 6.66 -31.52 748.14 -61 -882.97 650.53 3.84 0.94 343.19 780.99 367.97 1850.99 1216.87 1.56 -5.72 -199 -847.97 -491.27 426.35 42.87 1.21 0.66 
1 1 1 1 1 1 1 -281.66 -38721 -3198.93 1889.87 -53.92 -1232.8 -7136.55 -7316.06 -3849.01 -4330.95 -2908.84 -2923.57 -1566.96 -5263.92 -20392.4 1812.44 2432.48 3267.53 1288.51 764.97 -200.11 1 2802.82 1617.22 24.52 1053.72 -11601.9 6318.2 -70.97 1385.45 -1446.16 131.46 2861.75 30215.7 229.96 -8059.64 6801.04 5242.99 4346.26 3160.09 20776.3 10.54 -1394.42 
1 1 1 1 1 1 1 -5.12 -325.51 431.19 1858.66 -1306.08 -1550.41 -362.22 -42.73 -1835.35 1539.97 824.36 1090.54 -855.18 -2040.12 3.04 3254.85 1334.95 1331.42 4062.61 2659.34 -409.24 -66.92 1144.6 -4002.89 -1134.35 2418.43 -1071.49 2.44 1 -1569.36 -5222.16 -4271.7 -5541.21 -4018.4 4.84 1 1186.61 3342.84 858.75 -182.51 884.51 0.04 5.74 
