1.34063 1 -0.95392 5.46146 5.0274 -2.38106 1 2.33633 -21.7777 -223.86 -205.308 -352.019 -96.673 0.227007 1.30906 -127.449 -843.189 294.013 -194.26 -816.826 -22.407 1 -502.563 -914.544 2121.51 -528.453 -950.072 -36.6582 0.58412 -725.575 -411.135 1630.43 -1094.37 -654.714 -7.99251 -1.23434 -252.599 -427.88 -603.929 -404.972 -18.0521 0.584099 1 22.0648 3.32235 -121.7 -4.18028 1 1 1.24517 
1 18.0362 262.164 348.395 113.725 -16.913 1 1 -242.956 145.268 179.999 26.586 -208.35 4.72067 1.83206 598.265 -996.347 -1259.53 -684.887 -289.243 -52.5142 4.14589 -1059.39 -1261.95 1357.26 -608.527 -1077.67 -18.8786 46.573 -9.37878 2029.34 2140.17 431.515 -413.036 164.81 7.80653 58.8205 959.499 -1117.45 362.532 314.189 16.2708 1 -4.86663 -163.44 -644.051 -15.5734 7.22653 1 1.39344 
1 1 7.57489 281.265 -25.2774 -16.9819 1 4.98916 221.765 1339.75 49.0428 100.974 882.054 -0.85736 5.88791 73.4239 -1094.18 332.179 -348.294 -1182.45 -56.1882 1.04715 -337.475 62.9691 2253.18 843.297 -1440.7 -103.499 197.088 442.051 -1392.05 -1015.96 183.43 616.772 -53.5305 20.3 180.631 213.537 -834.102 251.202 702.374 -7.85286 1.78157 336.594 922.362 -1080.59 -16.0879 130.419 1 0.866752 
1 1 -17.6037 -10.8989 -10.0359 -2.24563 1 1 -11.3366 -120.162 -1278.06 -1223.83 292.846 44.9266 1 22.5885 87.5261 -1253.69 91.0411 -481.735 -37.815 14.249 236.069 506.319 1209.44 1885.55 -893.707 -43.1011 31.3733 -479.319 -125.14 1590.97 209.381 -747.487 -9.30412 -1.55236 -629.27 -1802.75 -919.089 -484.678 -165.292 1.81141 1 -2.52093 -6.0136 93.4127 94.2946 16.6916 1 1.24677 
1 1 -141.541 -97.7468 -5.28159 7.50892 1.99977 1 190.016 483.447 -217.781 -666.068 964.056 294.824 1 -33.3916 782.074 584.472 -631.066 57.8605 461.549 1 -894.956 245.632 2607.71 -397.55 -1139.3 -91.7701 0.277008 -470.988 -1597.47 448.455 -1335.85 64.6539 -13.023 64.9001 138.031 499.719 -364.378 644.023 359.666 -2.04184 1 96.1427 453.939 -0.908878 54.3201 2.30281 1 1.68098 
1 9.67214 -12.9893 407.698 669.499 123.597 1 1 -2.37557 -719.399 21.5088 -1039.48 -481.481 20.5179 1 -180.687 -816.29 -542.512 -1911.84 -1377.87 -18.4013 1 -494.331 335.732 1861.21 810.081 263.526 55.1024 0.320429 -526.503 1480.67 2008.85 841.853 388.105 26.6064 -2.65103 -547.412 -1006.69 -1053.29 -695.001 -238.661 -1.65621 1 -5.10636 -134.995 -313.197 -19.8949 1 1 1.08656 
1 1 -3.6518 -2.61277 -8.51308 -4.48422 1 11.0498 83.145 -39.1086 -1093.86 -1352.62 -344.889 -0.015012 111.617 963.986 875.96 371.632 1122.29 -345.077 -31.0231 18.7597 -70.5248 -973.182 233.938 1285.31 -786.446 -58.8415 0.563101 -959.445 -823.337 1055.97 -78.9833 -732.198 -15.8075 -1.32649 -525.765 -1329.61 -1051.27 -291.861 -185.156 -0.932355 3.32684 124.076 564.662 619.978 453.223 8.39677 1 1.26108 
1 1 -6.67169 -4.95814 -17.3134 -6.63382 1 1.7497 19.2551 296.385 -309.818 -391.653 325.27 87.77 6.56747 229.073 492.316 -985.211 -543.496 -187.956 134.941 2.36769 -823.089 -216.634 3725.73 891.782 -1460.98 -62.0356 4.72772 -1212.98 618.703 1792.3 -1504.79 -821.317 -10.5602 -3.15267 -36.2172 -215.915 -1528.32 -67.7131 346.731 -1.52541 1 57.2377 355.623 120.441 253.571 31.1453 1.2329 0.952373 
1 1 -84.0726 -65.0708 -8.91766 -4.70307 1 1 -20.9312 -269.739 -644.579 -642.812 -245.723 -0.431745 1.16993 178.637 603.733 -340.115 179.701 353.401 -34.0429 5.78827 275.973 466.033 816.954 1584.37 208.996 -63.1147 0.541374 -548.629 -438.165 929.501 173.141 -985.701 -14.4879 -1.46399 -497.244 -769.745 -1509.49 -816.348 248.417 -0.200557 1 93.8839 845.967 648.496 398.006 163.217 1.03236 1.32866 
0.440064 23.4675 135.237 242.546 88.0246 4.52498 1 -1.19667 216.731 2137.83 809.038 -60.6812 -486.557 4.33293 1.25209 293.534 311.599 -1553.97 1.37448 241.673 2.36302 2.42552 91.7556 152.929 -1606.97 801.701 697.244 231.373 26.4114 913.199 1739.59 82.3544 858.358 1204.26 219.773 16.8825 83.8248 -188.327 147.008 610.759 526.701 83.3603 1 -80.5569 -107.959 0.193705 158.487 4.58688 1 1.0082 
0.495568 1 2.89394 -81.3127 -15.7143 4.80269 1 2.15917 240.368 1805.03 132.043 459.691 -991.275 1 4.60942 99.9913 -130.667 -680.352 437.475 1095.98 1 1.02281 -10.9674 655.335 -107.786 293.538 316.268 1 41.7589 399.713 22.4665 -1606.72 437.36 544.132 1 121.998 -38.1317 348.48 701.73 376.063 -344.331 0.273561 1.70212 27.4172 547.021 574.202 429.045 9.51855 1 1.14536 
0.555332 1 1 3.30198 -10.2267 4.57733 1 -0.744466 23.2414 196.414 -1006.02 -615.733 220.652 17.8423 0.599834 112.306 1138.37 -1082.68 431.429 440.666 3.08521 3.3798 533.854 2234.82 -1310.98 2158.36 457.052 14.4374 3.47614 305.343 198.145 -558.528 1017.66 186.119 5.12883 1 -241.01 -779.7 -309.161 59.3801 -85.2925 2.60706 1 -52.5747 174.687 200.983 79.1103 13.2384 1 0.915397 
0.544198 1 1 -31.9705 -8.04401 8.70051 1.9337 -0.788146 23.2347 163.302 -667.153 331.571 173.365 167.54 0.613554 37.3175 827.588 -196.399 16.6292 1481.61 520.205 1 93.2448 1582.5 -891.061 52.4849 166.233 2.77182 1 958.394 -82.7 -1039.56 838.4 365.405 5.15619 4.49243 -4.84093 833.93 639.905 -226.981 -252.511 0.367989 1 -41.7413 241.927 195.274 34.2428 1.41739 1 0.914933 
0.528088 5.31338 49.1594 237.271 487.547 113.916 1 -0.851349 30.7942 140.021 -352.47 -145.362 101.504 190.331 0.632694 -0.496224 198.813 -790.981 -1179.93 145.289 12.3089 1 125.734 1275.18 -1042.33 834.404 775.319 43.3816 1 242.832 1799.53 -306.878 1903.6 801.039 23.2819 1 -107.247 -90.1506 444.299 -136.599 -222.449 0.615846 1 -29.5799 -82.013 -63.3839 -5.05299 1 1 0.956981 
0.558957 1 1 -5.60365 -12.7089 0.743337 1 3.89439 105.583 496.21 -524.793 -467.117 -260.849 1.23016 42.0705 630.477 1781.9 74.5798 1534.67 491.838 1.56352 12.8443 238.968 132.842 -2107.96 1758.57 277.018 1.52638 1 41.0776 -274.155 -436.328 693.276 96.0406 1.3954 1.03281 -150.507 -319.03 165.531 -246.107 -166.528 0.3763 4.67451 58.2155 693.006 766.254 253.921 6.07597 1 0.997191 
0.202404 1 1 -351.7 -100.428 0.456571 1 -1.06402 81.8039 865.679 -296.97 901.794 930.056 95.6211 7.84436 143.184 1513.74 -746.424 -1283.75 1948.4 139.456 2.0735 -3.52222 375.522 -488.525 596.829 611.876 16.6382 4.53256 158.703 639.297 -858.277 191.054 397.865 3.44565 1 -1014.46 498.537 1156.15 -51.0636 -290.833 0.377474 1 -219.75 789.139 1521.4 546.637 40.8518 1.20676 -0.157141 
0.530614 1 1 -6.23712 -13.7068 0.721567 1 -0.841438 14.0039 100.863 -807.384 -218.189 -219.761 1 0.677074 127.006 1178.59 -245.552 952.341 465.586 3.69788 3.32928 355.285 1573.03 -740.523 1875.97 261.222 1 1 112.211 -445.272 -581.349 279.17 102.279 3.44178 1 -194.619 -983.598 471.297 -661.635 -291.546 1.03152 1 4.88546 609.374 962.464 325.615 49.7762 1.02868 1.18785 
1 -49.275 -492.963 134.288 -1345.27 1920.98 1 12.8055 46.0781 751.544 669.616 788.525 739.914 -9.17821 -835.418 782.423 -786.357 1613.28 99.228 -1133.3 -3.16243 -1.17605 968.772 -284.472 790.672 971.895 -567.522 -2195.23 892.602 -20.478 -1202.31 -1838.48 407.028 -1142.01 -1102.56 1033.49 -32.0979 99.4531 -1516.52 169.783 -1378.52 -3851.51 2.81999 3609.67 2711.34 -144.984 641.648 6800.03 1 0.751717 
1 -22.126 -154.706 -183.983 -166.42 1.42201 1 1 43.9314 -967.028 -1920.97 -1140.99 706.115 53.31 -0.357393 -82.9676 975.032 -568.241 414.592 98.8723 3.61176 -1.45421 816.892 2645.04 -630.429 2147.14 -345.952 -226.14 -66.6216 -989.199 -2022.67 -168.408 419.334 -1322.58 -307.763 -25.9563 -917.805 -1752.22 544.466 192.373 -680.696 -46.2544 1 0.786483 147.757 396.844 159.772 29.304 1 1.16375 
1 -20.9147 -149.888 -110.992 -117.047 8.33744 2.06768 1 -277.279 -245.528 -852.899 -411.971 -226.961 198.365 0.0755142 -520.785 965.996 1032.03 -29.2777 1522.69 794.332 -1.13109 158.566 1900.32 833.832 82.0843 -61.1019 -180.04 -38.9763 -221.811 -2590.37 -1253.84 -382.028 -788.812 -317.199 -17.5429 -423.566 178.066 406.097 296.321 -47.953 -213.545 1 29.4706 415.547 516.23 -0.435568 -2.43467 1 1.6249 
1 -87.1246 -756.669 -593.164 882.062 2821.02 1 1 -259.931 -526.661 -985.899 -301.013 -219.013 1633.79 -1.28203 -2393.62 177.311 -688.407 -1116.01 -303.544 1853.53 -594.259 1006.02 1427.83 6.92828 149.331 673.679 -1110.31 -1155.9 -2105.04 -653.118 113.474 576.43 838.93 -3308.36 -68.7303 1003.81 210.521 681.156 977.547 -2123.83 -425.923 1 -2.8467 -23.2759 -50.3718 -76.0482 -15.7791 1 -6.68679 
1 -11.9969 -96.5457 -175.587 -90.47 -2.97208 1 9.76575 -58.2272 -273.594 -43.1239 -213.398 -57.6346 -1.64719 9.37889 -61.9387 412.901 490.608 999.026 -156.473 0.467522 14.1988 105.917 165.957 -131.057 1038.01 -243.975 -147.6 -28.8706 -1394.7 -934.619 -552.557 84.6388 -711.201 -203.107 -16.7075 -1041.5 -1169.49 -500.863 -195.29 -1065.78 -61.0028 10.7847 460.848 1157.83 689.407 424.674 -7.12393 1 1.20541 
1 -40.9999 -4913.2 -2249.04 -7099.65 -43.484 1 1164.13 1681.76 -2183.32 -135.559 227.313 -688.048 3344.62 8158.2 -3820.02 46.9626 -514.257 -1370.69 960.443 5136.7 -3.91131 6905.07 1371.3 3179.88 868.119 -1322 -10202.6 -471.098 -3913.62 -2206.61 -1488 99.0575 4.40822 -4288.28 -63.3119 647.081 291.286 696.705 -329.98 -701.483 -8631.84 1 -972.765 14228.6 4033.23 850.532 20242.2 26.4653 -146.334 
1 -21.9168 -145.248 -255.714 -124.877 -4.02633 1 1 -188.266 -284.028 -111.961 301.118 -53.7789 -3.42963 -3.92287 717.635 961.04 657.215 442.092 85.2502 3.00115 4.59667 1543.62 1745.55 -673.303 1068.81 449.54 -302.621 -44.9558 -1223.65 -2046.99 -844.554 -5.6443 -1064.27 -430.613 -22.5477 -539.399 -1751.4 -209.339 -441.992 386.644 -75.0107 1 189.877 865.217 823.81 657.09 471.029 2.05737 0.860383 
1 1 -1.78509 5.90222 -8.67978 -1.42857 1 -4.2254 -310.009 -1278.17 -2249.33 -961.84 386.119 23.4078 -4.38048 -95.6176 947.649 -913.778 -128.045 -176.046 4.1063 4.71046 681.91 2039.27 -1190.9 1615.93 319.894 22.69 -46.1901 -57.0568 587.995 1880.1 -352.78 -574.148 7.02662 -123.793 -1253.76 -1784 -1083.88 -546.921 -396.393 5.58904 0.37964 -85.5154 -146.559 -169.668 90.8212 -8.90212 1 1.1742 
1 1 -16258.7 368.062 -2349.2 201.555 278.226 -135.084 -3051.13 -574.151 -691.162 677.557 1100.58 7321.11 -557.692 -1482.28 2500.92 439.491 -1387.17 1049.16 14298.6 -31.4306 276.582 909.853 -478.154 -377.569 -2691.15 71.0193 -14706.4 1039.7 -757.697 590.25 -117.043 364.261 25375.4 3315.08 -1259.59 997.287 -831.083 413.302 2007.42 1 -234.615 -2426.46 -1228.75 -789.378 -6413.67 -13115.3 1 696.671 
1 9.73905 89.3145 370.224 585.806 135.633 1 -3.62664 -316.418 -1392 -770.782 -434.133 -154.262 24.3783 -4.08225 -307.457 381.383 -165.805 -2436.53 -296.193 9.32002 0.965879 97.6108 1076.19 -1134.91 -234.24 1037.91 81.5257 -51.1943 -63.1093 2661.32 1967.07 559.703 565.93 42.5177 -44.7138 -801.759 -997.556 -82.6314 -862.729 -444.022 1.47059 0.40342 -56.6473 -356.71 -523.266 -199.539 -60.5726 1 1.00407 
1 1 -132.862 -158.725 -10.2014 -4.32572 1 5.43716 169.209 35.2247 -1447.57 -598.426 -637.826 1.43345 102.817 758.781 834 421.217 964.312 -949.954 2.09948 44.2246 299.141 -20.608 -1487.76 362.972 262.404 2.08413 -44.4718 -249.286 104.996 1460.19 221.009 -469.654 1.79322 -75.439 -1278.09 79.5033 -757.542 -1118.38 -1371.09 1 5.73708 -740.613 -245.664 294.959 231.446 -246.701 1 1.6803 
1 1 -8.2988 -61.4453 -68.9769 -41.143 1 127 -118.887 -4902.47 -2859.2 133.177 -390.355 2690.7 1077.31 -1737.48 2787.09 -4693 -1544.2 1562.09 6462 -6.17173 -1275.47 -114.407 -359.274 -3048.24 1797.57 123.809 -423.707 -3983.1 5130.58 2248.69 -1231.23 1667.44 8.17113 -650.889 -33.9263 1050.8 3650.2 3131.7 4673.99 2.6333 -0.692229 -7752.69 -180.537 1762.39 4596.58 -20750.2 1.61249 -162.936 
1 1 -524.418 -815.61 -48.7727 -8.24963 1 -946.633 725.259 -593.733 -702.232 1008.72 -2966.58 1 -56.3732 1101.06 1549.67 -437.912 70.1447 -1241.45 7.65795 6.36743 2211.34 716.632 -1003.74 1650.57 1001.19 1 -99.2604 1101.77 -3160.23 2322.45 -775.553 -2044.25 6.01488 -468.221 -660.442 -350.432 -649.305 -207.161 -239.013 168.713 -17.1904 -2382.14 -1642.86 -1163.93 -488.026 218.042 7.98803 8.74491 
1 1 1 4.05591 9.06134 9.34897 1.9382 1 5.8288 239.289 1184.86 534.752 464.644 314.865 1 -20.7024 73.4809 1630.88 -628.006 904.037 304.941 -3.63683 -700.449 -571.107 662.655 -2598.9 -412.825 -14.395 -5.32425 912.182 -172.768 -1070.13 57.3067 431.339 5.88588 5.04991 736.829 1921.3 779.656 426.405 232.114 -2.40758 1 34.1882 -7.71541 4.01129 -169.36 -22.9114 1 1.3572 
1 14.3038 175.555 481.069 662.871 150.55 1 1 13.5097 484.513 1739.78 419.129 -836.385 72.9926 1 -175.551 -249.367 505.989 -2608.2 -806.053 10.3267 -5.95536 -887.184 -872.676 -34.8014 -1989.78 1134.79 68.7106 -8.15504 -320.393 2122.2 -467.439 230.418 1468.81 38.0932 1 91.5975 1341.93 633.758 143.858 92.381 -8.66421 1 -0.709612 -162.826 -527.041 -198.25 -24.2792 1 0.494968 
1 1 1 -78.574 -1.53115 -3.88715 1 12.9981 202.99 942.024 1118.58 -503.91 -1079.33 -42.0698 88.8168 1050.38 1390.18 2265.19 566.624 -310.764 -2.39647 37.3457 -863.213 -2514.78 -1465.98 -201.929 127.214 -25.085 -5.19924 -1023.9 -505.844 -695.969 -36.6838 46.1459 -5.80736 1.05064 153.063 856.81 570.415 -300.659 -63.0876 -4.65002 6.67129 121.566 -66.3915 935.668 473.165 -18.8616 1 0.690279 
1 1 1 -9.68324 -3.21877 -5.18681 1 2.13812 46.5758 375.57 2385.64 1436.31 -482.913 49.7503 9.44076 444.48 456.152 983.918 -1066.25 962.487 435.59 -2.58484 -669.003 -1892.95 900.928 -2557.25 217.091 54.6882 -1.03029 -481.15 1270.69 -335.708 -1043.63 156.397 -1.15336 1 704.032 2243.58 949.22 894.503 571.675 -3.84674 1 41.3505 -104.606 212.143 227.475 11.2629 1.32327 0.626559 
1 1 1 -152.078 -8.67871 -45.1513 1 1 -12596.8 549.308 1698.72 3702.65 62.099 -3752.97 1.48049 5258.28 2833.72 3792.38 732.357 1139.16 -9586.33 -22.7294 -736.837 -1810.41 -2199.87 -464.251 238.85 -1917.46 -29.2871 -1295.03 -1194.99 -1480.65 -1338.08 -11061.4 -64.0754 1 7075.99 -1711.32 -457.699 -1606.22 7912.79 1100.71 1 9519.07 647.491 1118.57 2635.32 -922.404 47.3173 -155.191 
1 9.3372 94.3311 420.587 674.422 240.753 -0.0784064 1 -0.428902 -312.945 185.465 -229.963 -1255.25 -144.455 1 -176.393 -1081.91 -789.397 -1494.25 -1128.12 -306.51 1 -23.1426 -506.939 -750.767 453.651 1204.29 77.1647 1 -436.705 3011.33 1471.95 781.66 849.311 32.2057 -5.01669 -831.312 -1031.24 -129.07 -759.85 -196.805 1.59994 1 -35.1573 -408.211 -533.109 -102.974 -0.0666016 1 0.576137 
1 1 1 -8.49496 -6.99622 -7.23874 0.382331 8.83657 98.5189 -143.171 -550.249 -838.775 -965.909 -178.746 60.7082 715.669 684.183 298.212 1465.95 -388.971 -259.878 16.5424 209.913 -1763.02 -1309.8 1457.94 192.759 -0.808347 1 -647.023 -420.799 1110.16 -151.351 -354.298 -4.95444 -3.32386 -465.789 -1244.56 -198.808 -815.55 -205.768 1 4.4489 38.4059 336.275 626.737 335.64 8.27505 1 0.950719 
1 1 1 -7348.17 -2446.11 -2756.81 -629.257 2.64718 5765.9 -919.748 -197.279 -901.926 -1683.24 -3019.31 2756.8 583.272 93.8656 -1657.25 684.229 -584.362 -6179.81 11.5133 2032.83 -524.747 259.121 1619.23 6154.56 -2262.63 35.5961 -3515.77 3068.75 1468.75 -1501.67 -8015.84 -12478.1 -50082.7 1656.48 -240.332 457.168 905.207 3731.7 28.0251 1 3720.72 -1148.61 1200.9 2263.26 11904.2 11.1344 -1394.78 
1 1 1 -42.8343 -11.8979 -12.7534 -0.060296 1 -35.3527 -822.437 39.7753 -554.994 -1845.53 -302.29 1.14833 -114.643 578.502 -1032.38 945.405 -768.111 -483.01 5.49507 731.427 -632.558 -158.725 1936.32 1265.23 -5.48893 1 -997.362 -611.551 1636.77 -313.292 -593.633 -9.83578 -144.925 -726.175 -1056 -326.332 -316.11 -162.58 2.0365 1 -295.451 -51.3872 553.126 839.727 104.387 1.04319 0.317136 
1 -5.64179 -77.4045 -276.914 -391.089 -83.4093 1 8.83733 134.375 126.068 -572.375 -461.501 -57.4444 -15.9714 50.072 704.781 916.553 1001.54 2521.33 490.781 -4.37928 14.8069 100.341 -1416.86 -638.536 974.258 -709.203 -65.9577 1 -206.251 -1747.38 48.8174 -448.713 -950.518 -33.8221 1.03194 12.9648 -318.162 103.566 -139.778 -102.688 0.636288 4.57718 76.3139 578.672 791.314 388.982 7.6606 1 1.23608 
1 -10.6513 -129.489 -524.43 -780.86 -246.807 1 1.74882 20.6042 397.359 636.709 789.591 162.757 -503.625 6.74306 504.364 1729.55 -148.055 1662.27 1787.74 346.534 2.61462 95.4649 -855.651 1174.16 216.767 -792.863 -24.0521 6.31323 -303.039 -2228.07 -768.553 -2043.86 -1491.7 -47.3463 1 614.953 520.371 -28.3916 666.64 345.563 1.25932 1 51.2228 555.613 721.869 248.244 43.0633 1.33033 0.860553 
1 -9.85487 -147.335 -547.945 -652.605 -137.863 1 1 27.8466 36.2286 -276.13 57.7103 48.751 -27.4063 1.16544 855.945 1171.34 532.55 3025.82 547.908 -29.3125 6.00639 1108.44 -124.068 -81.44 1305.74 -831.171 -136.948 1 -233.983 -2036.54 -135.581 -837.46 -1019.73 -48.7598 1 -66.8992 -980.863 -632.031 -457.513 1011.29 7.05598 1 75.924 678.58 1025.75 590.885 301.99 1.27636 1.50049 
1 1 1 1 1 1 1 -6.3383 -3.41153 144.454 864.474 1022.82 608.818 73.6556 -66.0904 43.602 -266.436 -1449.74 -1769.76 652.028 289.217 -18.906 -116.156 1142.04 1558.91 -1346.99 -214.942 53.4157 4.89805 2.8279 879.145 -87.5788 -794.633 570.141 4.48617 0.952496 336.133 582.407 215.184 1600.57 1061.82 1.58296 -4.32046 -172.532 -766.689 -396.859 398.927 35.0532 1.21861 0.746157 
1 1 1 1 1 1 1 -139.239 -17103.5 -1417.22 812.265 13.1755 -357.533 -2982.67 -4013.48 -1580.51 -1885.37 -1332.94 -1246.95 -622.818 -1823.84 -8790.13 793.179 1121.6 1442.37 569.663 353.799 -69.5801 1 1263.38 648.675 -70.9577 485.625 -4850.01 3214.29 -34.1963 592.188 -591.76 35.9605 1117.43 13281.4 86.4072 -3940.99 2874.65 2186.42 1865.08 1451.27 9687.92 4.55863 -656.482 
1 1 1 1 1 1 1 -0.803271 -95.3427 141.817 703.004 -382.848 -510.262 -122.597 -11.9958 -629.572 504.084 383.889 404.704 -311.058 -678.156 -0.394144 1130.6 396.165 476.523 1350.21 820.046 -142.656 -26.9679 363.021 -1310.55 -476.634 881.618 -371.472 -0.875189 1 -581.914 -1733.2 -1425.91 -1999.22 -1365.16 2.3149 1 422.139 1143.21 271.638 -6.50769 289.856 0.694808 2.65558
