11.4 1 -96.6 302.4 55.4 -126.8 1 41.8 -1152.6 -11491.6 -6494.2 -19794 -8485 -37.6 9.6 -6301.4 -32863.6 12148.8 -9434.6 -39716.2 -1168 1 -24954.6 -34940.2 73543.8 -9480.4 -45612.6 -1879.8 -9.2 -35435.6 -20560 56636.8 -31414.6 -32137.4 -448.2 -53.8 -14296.6 -30089.8 -20086.4 -16136.6 -259.2 -30.2 1 568.8 -841 -3006 -290 1 1 6.4 
1 534 7427.8 8125.2 2281.8 -732.2 1 1 -8741.6 464.8 5717.4 -3271.8 -4014.8 297.4 28.2 13974.6 -17326.6 -29273.4 -17877.4 -7755.4 -1031 99 -20408.4 -31613.4 30327.4 -17135 -27271.4 -445.2 822.8 6372.4 48307.2 49605.4 10050.6 -10849.4 3384.6 -235.6 -772.6 22742.8 -20961.8 9031.6 6977 153.8 1 -206.4 -4362 -16616.8 -408.4 114.4 1 14.2 
1 1 -187 11420.8 -618.4 -516.2 1 234.6 4698.4 51294.6 5793 5231.2 37599 -72.2 243.4 653 -38856.2 13961.4 -12633 -48773.8 -2393.4 2.6 -12555.4 136.2 85387 29967.2 -56206.4 -4877.8 7872 20857.6 -53722.8 -40021.8 6130 23006.6 -3600 1300.2 5515.4 2936.2 -31143.2 9497.6 25387.2 -523.6 41.2 14439 38695.2 -44508.8 -1094.4 5995.6 1 -3.2 
1 1 -682.2 -461.6 -242 -67.8 1 1 -351.6 -5938.6 -35930.6 -34181.6 8827 1243.8 1 -615 287 -32347.8 3339.8 -13892.8 -1096.4 448 4291.8 16498.8 33228 52683 -24231 -1384.4 1060.2 -13424.4 231.6 41827.8 9434 -23669.6 -302.6 -53.8 -17751 -48657.4 -26746.6 -15735.4 -5365.4 37 1 -103.6 -432.4 2224.4 2460.6 442 1 6.8 
1 1 -6635.8 -4720.2 -197.4 162.6 44.2 1 8301.6 18796.2 -8986.2 -28607.2 42445.2 12891.6 1 -2916.2 33418 24355 -25897.8 3006.6 19942.4 1 -39348.6 10708.2 106325 -14434.6 -48880 -4320.6 -29.6 -18248.6 -66907 17271.8 -56849 2022.8 -759.6 2968.6 7020.2 22899.6 -16458.6 26943.6 15662.8 -140.4 1 4101.8 19236.8 -2595 1522 46 1 30.6 
1 300.2 78.2 14875.6 23814.8 6002.8 1 1 -1022.6 -27691.8 -3979.4 -35163 -15875.4 1079.4 1 -6753.6 -27672.2 -19798.2 -71259.6 -52763.2 -1041 1 -16581.8 10135.2 72023.4 25530.8 11605.6 2063 -29.6 -17815.4 56684 72281 27311 20394.4 1062.8 -163.4 -20104.8 -36349.2 -35365.2 -23699.6 -9056 -150.6 1 -211.8 -4932 -11301.6 -750.2 1 1 5 
1 1 -96.6 -74.8 -292 -132.6 1 303.8 2595.4 -807.8 -33146.8 -42116.6 -11409.4 -30.6 3384.2 28578.6 22552.8 12742.6 33760.2 -11401.8 -1131.2 545.6 -2362.6 -26777.2 6833 38890.2 -22884.6 -1843.4 -9.2 -29180.8 -20839.6 29204.8 -448.6 -22003 -420.2 -53.2 -16200.4 -38213.2 -32387 -8458.2 -5310.6 -44.6 68.2 3399.6 15797.6 16842 13521 251.8 1 6.6 
1 1 -389.4 -302.2 -292 -132.6 1 14.6 524.4 4226.8 -6719.8 -6397.2 5460.2 1389.2 100.8 4667.4 6584.2 -16586.4 -10574.2 -3284 2054.2 18.2 -14907.8 -807.2 64249 17317.4 -24955.2 -1082.4 47.4 -21425.8 12680.8 31469.8 -25531.2 -15043.8 12.6 -53.8 -257 -4234.4 -28532.6 -931.2 7414 -33.4 1 934.6 5916.6 1349.4 4969.8 556 5.2 -0.8 
1 1 -2536.6 -1969.8 -292 -132.6 1 1 -591.4 -6783.6 -14925.2 -17863 -6723.8 -37.6 6.2 5461 15664.2 -10284.6 5934.6 8779.6 -1443.4 152.2 6723.8 12211.4 22456.2 41466.6 6298.2 -2462.2 -9.2 -16076.8 -9117.8 25794.4 5390 -28595 -406.2 -53.8 -13265.4 -18346.4 -42078.2 -23984.8 7883.4 -15.8 1 2784.6 23470.8 17109.6 10401.6 4883.6 2.2 9.2 
-19.8 1067 5343 8625.4 3345.8 116.4 1 -80.6 10573.2 85546.4 32654.2 -4085.6 -18175.6 135 2.4 11700.8 11259.6 -59723.8 -2348.2 11452.6 55.8 50 3952.6 7222.6 -66386.4 31897.6 27263 8605.2 970.2 38093.6 71748.8 4372.4 35456.2 50696.6 9471.6 670.4 8428 -12577.6 8047.8 22559.6 21895.2 3404.8 1 -2468 -5071.6 392.6 6028.8 110 1 0.2 
-9.4 1 60.8 -2824 -376.2 136.4 1 68.4 7738 51200 4887.6 14176.6 -30868.4 1 105 4055 -3012.4 -21233.6 13649.4 33519.4 1 1.8 749.4 18647 -2568 7623.2 9891.8 1 1154.4 12533.2 37.2 -43140 10100.4 17956.6 1 3714 -534 6415.6 20871 9376.8 -6974.8 -13.4 14.4 597.4 15454.4 17124 13188.4 553 1 7.6 
-9.4 1 1 -77.6 -264.2 60 1 -39.8 802 6841.6 -28497.8 -13371.6 4952 525.6 -7.6 3612.6 30863.4 -31343.2 11103.4 13158.2 71.6 88 16966.6 58161 -36062.4 58151.6 12615.8 379 91.2 9377.6 7168.4 -15025.8 29868.4 4923.6 109.4 1 -9115.4 -17864.8 -7091.4 2006.2 -3600.4 68.2 1 -2198.4 4168.2 4837.4 2636.6 442 1 -1.6 
-9.4 1 1 -1093.2 -250.4 182.4 15.4 -39.8 811.4 5460.8 -15269.6 9407.4 3357.2 3613.4 -7.6 1781.4 21356.6 -8640.8 -895.4 37721.2 13003.2 1 3166.8 37885.8 -20112.6 1484.4 4803.6 55.4 1 24296.8 -2643.6 -24336 18152.6 11644.8 132.8 59 -856.6 18602 16688.4 -5462.4 -5721.8 -13.4 1 -1224.4 6053 5474.4 1205.2 16 1 -0.6 
-9.4 158.6 1793.4 8165.8 12413.4 2155.2 1 -39.8 1082 5065.4 -6603.6 -7550.6 2127.2 4993 -7.6 444 7573 -25614.2 -30977.2 4957.8 332.4 1 4764.4 33667.4 -25518 21299.2 25144.4 1580.6 1 7116 47838.2 -4318.6 47599.4 25740.6 845.8 1 -2377.6 -3457.4 11644.2 -5597.6 -6143.8 -4.8 1 -690.4 -1918.2 -1434.4 -128.6 1 1 1.8 
-9.4 1 1 -145.6 -314.2 -4.8 1 122.2 2962.4 11828.4 -18799.6 -10825.2 -6430.2 8 1551.4 20939.6 45588.4 5102.4 43326.8 15254 20.8 428.2 8589 1991.2 -56258.2 45743 8400.4 19.2 1 1514 -8339.4 -14044 19693.4 2557.8 15 1.6 -4444 -8223 6420 -4873.4 -5621.8 -13.4 68.2 918.2 18077.8 21412.8 8953.2 189.6 1 1.2 
-30.2 1 1 -17019.2 -4474.4 -16.4 1 -80.6 3338.8 33471.4 -14769.4 34936.4 39281 4575.2 266.6 6537 61210.6 -26068.2 -48891.6 78852.4 5334.6 35.4 363 8420 -18970.4 24377.6 25127.6 631.8 114.2 9284.6 23551.8 -33152.4 6415.4 18492.2 154.6 1 -43504.4 16964.8 46447.8 -1617.2 -9415.2 -19.8 1 -9464.4 28797.6 64806.8 22862.8 1637.4 9.4 -48.8 
-9.4 1 1 -145.6 -314.2 -4.8 1 -39.8 359.2 2750.4 -20656.6 -6232.4 -6094.6 1 -5 4251 28385.4 -5142.4 23588.4 10512.6 59.2 76.6 10779.8 35799.2 -17303 42935.4 7290.8 1 1 3567 -10374.6 -13991.8 6706 3330.8 43 1 -5193.4 -25674.4 11247.4 -16061 -7072.2 1 1 -391 13682 24931.2 9565.4 1679.6 1.6 8.2 
1 -2568.6 -23524.6 8489.4 -67773 96052.4 1 727.2 1880.8 36699.8 31651.8 38714.4 35870.2 -602 -42251.4 37024.6 -39295 78557.8 5257.2 -57198 -245.6 -93 45430.4 -12178.6 38512.4 48241.2 -27778.8 -110072 41875.2 -1091 -57946.2 -89352.4 19351 -53375.2 -49402 53021.6 -795.6 3023.2 -73409.4 9910.8 -67936.8 -192066 81.4 181994 133738 -6615.6 26122.2 339061 1 -14.6 
1 -866.2 -5560.6 -6568 -6226.2 56.6 1 1 1822.2 -30959 -65989.8 -41402.6 27584.6 2016 -39.8 -3159.6 33342.2 -19573.2 12464.6 1292 60.2 -146 27302 90304.8 -22317.4 71982.2 -13386.2 -7552 -2318.2 -32457.4 -66993.8 -4724.4 13924.6 -44414.6 -10667.8 -880.4 -32401.4 -62658.8 18765.4 8655.4 -23353.4 -1676.4 1 -12 5030.8 13547.6 4785.2 858.4 1 6.2 
1 -1065 -6818 -4175 -5176.6 313.4 44.2 1 -13034.4 -10579.6 -37053 -17524.2 -11205.4 7888.2 -26.2 -23295.2 43869.8 43905.6 205.2 68173 34864 -97 9189.8 83085.4 36320.8 4981 -2251 -7911.6 -1690.6 -10197 -115127 -54960.8 -17043.2 -35502 -13757.2 -891.4 -19780.2 8091.8 19185 15196.8 -3625 -10037.8 1 1211.6 18630 23293.6 -320.2 -163.2 1 27 
1 -9364.6 -34039.4 -31155.4 43352.8 140977 1 1 -23715 -24646.2 -42427.2 -13623 -8850.4 85905 -80.6 -103959 3973.2 -26921.4 -48576.4 -16387 87057.6 -28909 45797.6 57781.4 -1949 6317.4 36211.4 -53002.6 -55261 -92349.4 -29468.4 4764.6 25814.6 38787.6 -144407 -4317.6 45422 5348.4 31042.4 41966.4 -81039.8 -17423.4 1 -104 -667.4 -1616 -2976.6 -513.2 1 -383.6 
1 -532 -3230.8 -5813 -2790.4 -118 1 374.4 -613 -10450.2 3494.8 -2836 -1097.8 -59 996.2 -1734.2 8696 16738.8 27694.4 -4312 -6.6 392.8 6556.8 7655.8 -2965.4 31978.6 -7194.8 -6371.2 -844.8 -40870.6 -25209.4 -17474.4 2069 -22574.8 -7145.6 -528 -31560 -35999.2 -15019.6 -8016.2 -33048.6 -1931 471.4 15853.2 35371.8 21201.2 14200.6 -499.2 1 3.4 
1 -2096.2 -242356 -102946 -346106 -1950.6 1 56794.6 79576 -105166 -7383.6 11109.6 -32551 156842 398412 -184192 2578 -23669.6 -66283.2 46501.8 245185 -175.2 331065 67082.4 154463 42394.6 -63383 -491438 -22341.8 -188739 -106918 -72098.4 5818.2 -54.8 -207493 -2842.2 31139.4 12989.8 33763.4 -16822 -33129.2 -412137 1 -48526 683979 193201 41736.8 965882 992.2 -7105.2 
1 -1065 -6319.2 -10791.8 -5177.4 -237 1 1 -7977.6 -10654 -4871.2 14736.4 -1343.8 -133 -208.8 31579.2 38819.4 26486.6 16550.2 4197.2 120.8 129.8 65911.2 67968.2 -27013.6 45181.4 18193 -12265.6 -1796.4 -48515.4 -83857.2 -34235 -1699.4 -44087.2 -17753.8 -1065.4 -21718 -71070.6 -9524.8 -16912 16481.4 -2998.8 1 8005.8 36414.8 31722.4 26973.2 20039.4 46.6 -5.4 
1 1 -58.8 288.8 -195.2 -56.8 1 -107.2 -6822.6 -28038.8 -45972.4 -19319 7263.8 588.6 -120.2 -2058.2 16901.4 -14865.2 -2875 -4914.8 71.6 87.2 13498.8 40704 -23371 30823.2 5700.2 461.2 -940.8 -1254.2 11376.4 39704.6 -7822.2 -11988.4 144.4 -2680.4 -26442.2 -38310.8 -24584.6 -12287 -7981.4 82.6 -12.4 -1557.8 -2291.2 -3190.8 2249.8 2 1 4 
1 1 -737034 8303.6 -111401 -13398 10397.8 -1974.6 -138629 -20390.8 -30145.4 34067.8 46942.2 300392 -18091.2 -67922.8 117248 17056.6 -60243 48150.8 655177 -1047.8 16742 42864.2 -18790.4 -12511.4 -124376 2285.8 -663178 46431.8 -38806.8 27908 -4934.6 20295.8 1.16565e+06 162835 -60658 45350.2 -39579.2 20125.8 95048.6 1 -9848 -116901 -56621.6 -37195.8 -308555 -596401 1 31822.2 
1 158.6 1809.4 8052.6 12883.2 3126.8 1 -107.2 -8293.4 -34051.2 -18890.4 -11009.6 -3278.8 1153 -120.2 -7794.4 8665.4 -1983.2 -55339.2 -6594.2 259.6 0.2 2550.8 22942.8 -21881 -7583.6 23051.6 1722.2 -1228.6 -1382 61302.4 43762.6 11612.6 10478.8 877 -1062.2 -18524.6 -23042 -1469.4 -20594.8 -10882 9.6 -12.4 -1395.4 -8613 -12509.2 -5042.2 -1228.4 1 0.6 
1 1 -4065.4 -4745.2 -245.2 -121.6 1 868.4 7477.6 5194.8 -35421.4 -11381.4 -14046.8 8 2648.4 20399.8 16142.8 10405.2 17304.4 -19429.4 20.8 1169 6959.2 -950.8 -31440 7868.4 8909.4 19.2 -1031 -7019.6 3287.6 34418.2 3568.2 -8668.4 15 -2260.4 -28163.4 3792 -17741.6 -27225.2 -34932 1 256.4 -16736 -7912.2 5481 4514.4 -6261.2 1 16 
1 1 -298 -2895.6 -3034.6 -2200.6 1 6682 -3724.8 -241303 -140760 7088.4 -17931.2 134602 56512.4 -85481 138122 -230395 -77367.2 77798.2 316265 -396.6 -63582.8 -6713.8 -17421.6 -149788 87910.6 5805.4 -21495.8 -197277 252061 110778 -60050.2 81441.6 308.2 -31937.2 -2110.4 52040 178582 154170 229920 45.8 -66 -381912 -8511.4 86687.8 225438 -1.02397e+06 17.8 -8107.2 
1 1 -26849.2 -43468 -2818.4 -404 1 -50036.4 38613.8 -31698.2 -33276.6 49482.2 -146247 1 -2891 54924.8 76903.4 -21173.4 3538 -60659.4 385.2 91.8 107787 33794.4 -48670 81016.6 52265.6 1 -4420.4 54083.4 -155502 114565 -38390.2 -104834 295 -23166.8 -34362.8 -16419 -33664 -8868.2 -8609.2 8813.8 -937 -119910 -79878.8 -56693.2 -27260.2 11567.4 368.2 416.2 
1 1 1 77.4 131.8 123.4 15.4 1 10.4 3541.4 20560.2 8202.8 8098.2 5415 1 -352.6 1279.8 27704 -10828.8 15899.2 5311 -86 -12319.6 -8933.4 12299.2 -44772.8 -6987.2 -268.2 -89.2 16079.8 -4081.8 -18903.2 563.2 7611.8 130.6 59 12725.6 32657.4 14299.2 6743.6 3844.4 -80.6 1 664.2 -879.6 -51.6 -3086.2 -425 1 7 
1 158.6 3035.4 8524.4 8871 2336.6 1 1 4.8 9949.6 21632.6 5179.4 -12708.6 1465.4 1 -2496.2 -3950.6 4809 -36553.4 -11082 151.2 -86 -14265.2 -12169.6 905 -27245 15776.6 633.6 -89.2 -6587.6 32031.2 -6345.8 2352.8 19093.4 492.8 1 1294.6 20857.4 5929.4 3961 1440 -153.6 1 -18 -2267.8 -8224 -2800.4 -440 1 -6.8 
1 1 1 -951 -49 -63.8 1 163 4145.6 17975.4 14263.2 -6692.6 -19918.6 -1041.6 1560 17448.2 24849 34194.8 7845.2 -3746 -7.8 898.8 -16846.8 -37459.2 -26007.8 -254.8 -321.4 -372.6 -89.2 -22578.4 -4294.2 -11611.6 -1063.4 -365 -89.4 1.6 2657.4 15617.4 9598 -5122.4 -834.8 -80.6 68.2 1589.2 -766.8 15174.8 7885.2 -251.4 1 -2.6 
1 1 1 -271 -152.2 -258.2 1 41.8 2115.2 15164.4 74830 43400.6 -16441.8 1662.4 308.4 15920.6 19358.6 28621 -31389.8 30253.4 14737.2 -151.4 -21581.8 -59936.4 27937.8 -79457.4 7010.4 1628.8 -108.4 -16567 37516.8 -10424.2 -33728.4 5208 -187.6 1 23261.6 70095.8 28690.4 32469.8 19403.4 -128.6 1 1250.4 -1386 4847.6 6743.6 640.4 13.6 -10.6 
1 1 1 -4895 -397 -1424.6 1 1 -565726 26363.8 78657 177359 -2207.2 -181243 19.2 254656 135520 181451 37048 51027.4 -465588 -516 -36150.2 -88204.4 -112189 -26232.4 11318.8 -53736.2 -1038.4 -59013 -65191.8 -72720.8 -60067.6 -543188 -3278 1 282517 -79694.4 -17131.6 -76111.2 376332 46498.6 1 445596 31985 50413.2 130682 -55273.8 1958.8 -7230 
1 158.6 1793.4 6257.2 9859.6 3763.4 -13.4 1 271.6 -5659.8 1086.2 -3088 -19559.2 -2008.4 1 -2623.8 -19129.8 -11720.8 -23166.8 -19141.6 -5549.4 1 -79.8 -8580.8 -10397.6 5938.8 18184.8 1363 1 -7707.8 45666.2 22768.6 13888.2 11236.6 395.4 -173 -13882.6 -16483.6 -544.4 -12554.8 -4636.6 9.6 1 -778.2 -6735.4 -8366.2 -1499.2 -14 1 -6 
1 1 1 -258.2 -179.8 -186.2 -13.4 163 2233 -3118.8 -12888 -18837.6 -22175.6 -4100.8 1560 18202.2 13807 5874.4 34116.6 -10003.4 -5799.2 428.2 4234.8 -40834.2 -27850.6 33088.6 4789.4 -35.2 1 -14921.2 -9494.8 24014.6 -3442.2 -7779 -116.8 -56.4 -10098.8 -26687.6 -4206.4 -18745.2 -4575.4 1 68.2 -9.4 6169.8 15300.4 7807.8 174.6 1 -1 
1 1 1 -336261 -111417 -118988 -27373.4 55.4 268215 -41673.2 -9009.6 -43056.8 -77992.2 -138634 122480 24336.2 3637 -81806 29082.6 -29728.4 -284632 362.2 96272.4 -29941.4 11143.8 73349.2 282878 -99670.2 1189.6 -163452 145035 69852.6 -68925.8 -373694 -575217 -2.31861e+06 77878.2 -11681.8 22383.2 42236 171723 941.8 1 168447 -46351.6 52138.8 106977 560757 353.8 -64071.2 
1 1 1 -1780.2 -360.6 -373.4 -27.8 1 -1218.8 -30618 2164.2 -18051.2 -68678.8 -11767.6 6.2 -5540.2 16994 -38166.6 33737 -25955.4 -18651.2 152.2 26771.2 -23415.2 -2870.2 69562.6 48932.4 -271 1 -35572.4 -26637.8 59038 -11874.2 -21158 -413.2 -5625 -29615.8 -36995.6 -11015.8 -11663.6 -6043.4 29.8 1 -11603.4 -48.8 18307.6 30129.2 3839.6 2.2 -25.2 
1 -156.6 -1791.4 -6294.4 -8854.6 -1893.4 1 163 3081.8 1601.2 -16332.2 -11268 -1044.8 -376 1560 20175 25014.6 26666.6 62195.6 13275 -121 428.2 3568.6 -33242.6 -17632.4 24718.4 -16124.2 -1560.4 1 -4806 -43485.8 -1422.6 -8862.2 -22534.4 -829.8 1.6 44.8 -7629.6 4738.4 -2137.6 -2346.2 -7.6 68.2 1608.2 14795.2 20093 10141.8 189.6 1 6.6 
1 -448.2 -4607.2 -20551.2 -31422.6 -9281.4 1 28.2 1623.2 18165 23201.2 29634 6766.8 -18824.4 216.6 21684.4 67703.6 -9035.6 66334.6 69670 13771.6 69.8 3574.8 -31096.8 41502.4 10477.6 -30125.6 -621.8 227.4 -12387.6 -86582.6 -30307.6 -77553 -57544.6 -1792 1 24616.8 19620.6 356 27642 15078.4 21.2 1 1829.2 20961 29006.2 10551.2 1773.2 17.8 -3.8 
1 -156.6 -2209 -7850.4 -9046.6 -1893.4 1 1 647.2 1211.8 -4548 2795.8 2341.8 -1151 3.6 13764.4 15050.4 8290.6 41755.8 7573 -757.4 76.6 16561.8 -2261.2 -1987.2 19031 -10865.2 -2554.6 1 -4559.2 -29688.6 -1031.2 -10825 -16229.8 -801.8 1 -1185 -14137.4 -8830 -7798.4 15956.4 107.6 1 1099.6 10351.2 14389.2 8435.4 4570.4 5.8 8.4 
1 1 1 1 1 1 1 -148.2 -354.8 860.2 15932 19475.6 11924 1411.8 -2105.6 -349.2 -5729.8 -34502.2 -34062.4 13521.4 7472.8 -523 -3509.6 26619.4 30810.2 -30441.6 -5383.2 1518.8 114.2 -1370.4 14769 26.8 -18968 13136.8 57.8 -0.2 6980.8 15399.2 6810.2 36181.4 24999.8 12.2 -133.4 -3942.2 -16693.4 -9905.6 8702.4 848 5.2 -5.8 
1 1 1 1 1 1 1 -5531.8 -776587 -64186.8 40203.4 -972.6 -24192.8 -142456 -146259 -77344.6 -86038.4 -56149.2 -57330.8 -32377.2 -104692 -404074 36679.2 50426.8 64232.6 26222.8 15823 -3730 1 56590.2 31260 1596.6 20718.8 -231279 125675 -1446.8 28283.4 -28370.4 1764.4 56760.8 604660 4537 -162153 136241 106245 85596.2 63067.8 416953 190 -27841.2 
1 1 1 1 1 1 1 -121.4 -6004.4 11080 37982.4 -27125.2 -28636 -7007.4 -873.6 -36736.2 30980.4 16302.8 22569.4 -16632 -41057.6 -61.4 66035 28328.4 25033.4 81408.6 50689.4 -9006.8 -1697 22277.8 -79355.4 -22291.6 47804.2 -21243.8 29.8 1 -32934 -104590 -85459.4 -111706 -82631.6 103.4 1 24120.8 65547.6 16130.6 -4072.8 18377.8 -13.4 98.6 
