1 1 1 1261 136 1 1 1 1 -679 2520 -5895 -138 1 1 1 -2715 1314 714 -3372 1 1 -854 -2182 8985 -2748 -4395 1 1 -3561 -1173 6025 -7771 -1746 1 1 346 1157 -1961 284 1 1 1 1277 87 -611 1 1 1 4 
1 1075 22141 11627 1052 -225 1 1 -15214 -6892 1689 -19235 -15542 671 1 10706 -11825 -20837 -17014 -17958 -139 246 -2084 -25066 20263 -16909 -34873 3369 1970 31515 39172 50743 -5918 -6277 2952 -273 -14230 31833 -6407 6608 797 -1554 1 -300 -938 -14115 1287 89 1 37 
1 1 -3435 9699 988 94 1 1 4233 38230 13473 11942 31519 1 1 -6268 -14878 21228 845 -26035 -4031 1 -3440 -5780 38313 3589 -48444 -3869 3537 25026 -37456 -28146 2258 -6270 1 8023 -906 -6043 -18910 7225 25987 1 1 35992 52578 -64455 -5722 5620 1 15 
1 1 -487 -378 1 1 1 1 37 -851 -6677 -6548 1903 1 1 337 2431 -7439 1683 -1072 1 151 3388 1925 6002 8001 -2010 1 409 1261 -2976 8717 68 -4690 1 1 -4250 -7689 -6950 -1931 -1173 1 1 1 74 -776 293 378 1 3 
1 1 -20007 -15538 1 1 1 1 17829 -3764 5331 -19190 33101 13677 1 8432 13993 24043 -26916 -367 41107 1 -43231 7907 51049 1670 -29732 -6699 1 1995 -48337 7748 -30775 6113 -176 2901 -17043 13214 -3045 9219 16957 1 1 2694 24152 -22276 -12764 1 1 44 
1 1 -1203 3777 8458 3095 1 1 629 -27546 46 -9177 -4515 -59 1 6031 3713 -3326 -29531 -19147 -710 1 3480 -5554 19380 14196 4672 734 1 -8255 19427 19281 3310 11726 47 1 -7280 -5681 -9313 -11918 875 1 1 -92 -472 -1529 1 1 1 11 
1 1 -487 -378 1 1 1 89 383 -3688 -5738 -5928 -4557 1 953 7297 5464 -2777 10054 1442 -138 1 418 -4491 4319 4534 -3557 -214 1 -5324 -653 10130 868 -10151 41 1 -7365 -4642 -10603 -2373 -3196 1 1 1137 3996 1343 1095 1 1 5 
1 1 -975 -757 1 1 1 1 -856 -4722 -4677 -6947 4338 1882 1 5877 9123 -8355 -34 4231 2140 1 -758 -1322 30421 2611 -15364 483 1 -6292 -6593 19905 -12273 -5814 187 1 -681 5497 -17242 4503 2010 -204 1 768 5049 -496 -404 171 1 -1 
1 1 -4879 -3789 1 1 1 1 2698 -3395 -3534 -11675 -5770 1 1 15780 15752 -21756 7231 12136 -891 129 13614 13889 18155 19870 694 -1455 1 -10328 -17447 18453 -3337 -29696 1 1 -20974 -9678 -26894 -10114 4220 217 1 3877 30083 18318 11294 5395 10 14 
1 1 1 306 3326 1 1 1 4378 20490 5244 8975 -7166 1 -214 10001 5064 -20624 -4802 604 1 1 1420 6619 -14184 5394 7037 1726 124 13021 20083 408 4445 21325 5186 372 -168 -4039 5156 9191 6112 1413 1 -3827 -383 679 1924 1 1 6 
1 1 599 -3119 -404 1 1 1 5568 17295 4120 7105 -18982 1 -300 2017 676 -12335 5080 21837 1 1 -1072 3208 -1977 617 1951 1 1 2654 -991 -16149 9514 1629 1 1828 212 1366 10530 4356 -4383 1 1 1473 18800 14376 9393 202 1 14 
1 1 1 341 1 1 1 1 1 -701 -6723 -1206 -3817 1 -42 -527 4579 -1668 -1651 599 1 1 -160 12426 -3352 15095 1357 1 1 504 -5073 669 1285 407 1 1 -6665 -1900 -3329 -2603 -2963 1 1 -2551 4202 473 1140 1 1 2 
1 1 1 -2099 -224 1 1 1 236 2497 -7051 6927 -536 1505 -42 389 6138 2670 -2829 14247 5761 1 1546 9449 -7699 3896 3465 1 1 13255 -534 -8454 11049 3944 1 1 -1830 6990 2655 -6288 -3811 1 1 -3544 722 1758 92 1 1 0 
1 1 1 821 8474 1869 1 1 1 -5679 -12890 -5350 -1728 9601 -85 -177 -3425 -4516 -19022 665 396 1 -158 10035 -5859 5298 2434 1 1 -337 13275 3735 16301 2102 1 1 -7829 -1179 -227 -1079 -1357 1 1 -1913 -191 1 1 1 1 3 
1 1 1 1 1 1 1 1 79 4120 574 2434 -9627 1 -343 1245 14113 4397 6247 1155 1 1 157 5755 -14506 13044 2617 1 1 1571 -2177 -2544 -580 414 1 1 -5510 -5544 -5171 -8247 -4445 1 1 787 10778 10742 513 1 1 6 
1 1 1 -31446 -6328 1 1 1 2432 22292 -15990 41575 65826 3105 -257 -990 65454 -25155 -43230 63851 3472 1 -7111 -24980 -25513 11651 34802 1 1 13608 12198 -31726 22867 12108 1 1 -39614 12122 43676 6695 -10177 1 1 -11119 33108 81074 23659 2409 1 -26 
1 1 1 -419 -44 1 1 1 11 -1787 -6729 2405 -3248 1 1 1286 5360 2461 2062 1685 1 1 1534 11696 -8447 12336 1958 1 1 479 -4294 946 -819 1021 1 1 -4976 -5065 -472 -4275 -1201 1 1 -1913 8711 5903 983 141 1 1 
1 -5906 -27253 -54392 -72535 155932 1 909 8589 46682 51695 50116 35100 1 -75209 64785 -68699 125555 1992 -82043 1 1 89433 -33967 49782 63714 -56449 -144194 127692 -13003 -66595 -126894 25939 -95790 -57986 134845 -1679 11713 -106808 11852 -111131 -173641 1 260133 178301 -17444 47509 505225 1 915 
1 1 -811 -1745 -1466 1 1 1 8866 -12276 -13709 -9735 16205 1261 -67 -6676 7408 -4553 4609 -6668 1 -94 12974 15037 -13251 23196 -5385 -3551 -3727 -13620 -13192 -536 2822 -8838 -4043 1 -1909 -12347 446 3853 -17454 2415 1 1 7436 5417 4393 538 1 5 
1 -536 -1212 -2686 -2115 1 1 1 -14512 24868 -8180 5993 -7816 22038 -67 -21475 21987 28652 10964 34331 53994 -244 9358 34311 16465 2145 4446 -13924 -7309 -15830 -58573 -38398 -2185 -19139 -841 1 -12557 8663 -16255 -1697 -12100 -26752 1 1 1159 8612 -1569 226 1 24 
1 -30225 -40376 -25661 50535 210527 1 1 -24831 -26908 -54371 -10871 -29171 134431 1 -130614 6383 -33344 -50408 -3150 208915 -67619 14956 67766 -7081 11833 36033 -15233 -119537 -95000 -34836 5498 35714 42573 -158853 -9169 68169 -10320 40055 44947 -71598 -3542 1 1 1 1 1 1 1 -634 
1 1 -754 -3747 -6030 1 1 309 -7530 -5696 6134 1344 5121 1 1497 8740 636 17522 18088 -804 1 137 6176 5410 -7777 16053 788 -4523 -528 -33034 -16757 -9958 4478 -25868 -13272 7 -18312 -20714 -14114 -10215 -18941 -909 673 15406 31162 30573 11205 -175 1 10 
1 -536 -44373 -95971 -322200 1 1 26657 103189 -49474 -109940 26128 426 -159805 179929 -190771 -613 -75911 -47991 48810 175458 -3919 305998 74849 148577 20700 -38333 -394991 -19623 -173435 -123072 -43156 8689 3187 -28687 1 33082 23005 74601 -8011 15706 -295962 1 13378 361757 113874 2981 440371 1 -3755 
1 1 -780 -6112 -6297 1 1 1 -2750 2193 5979 17284 3698 1 1 9393 9890 12894 5220 -546 1 -670 27950 15235 -10546 12890 3330 -5827 -4031 -17425 -25438 -9449 -523 -19676 -7934 -680 3297 -22988 -15419 -20852 -2851 -198 1 2989 23316 13469 17353 9966 37 -4 
1 1 1 1021 1 1 1 -85 -4159 -10739 -15758 -9044 1190 946 1 -5355 9744 -10513 -422 -10542 1 1 1907 16274 -9305 29503 3097 49 -1019 1258 21 6894 -4985 -3650 4 -1826 -17737 -1329 -13562 -6517 -4285 1 1 -5099 -1551 -11665 -2883 353 1 4 
1 1 -196741 201111 -22560 -278 1 1 -200068 48150 -18857 67230 23349 2995 -45423 67981 130582 57976 -93968 71443 150750 -2671 25039 94017 -26411 -31221 -51107 1 -4058 53845 -31312 15865 -62969 -88154 440193 -2348 -41916 65894 -66327 -13154 60224 1 1 -161185 -47810 -115101 -124296 -369974 1 1852 
1 1 -298 4069 5818 1048 1 1 -2548 -11823 -3786 693 -2190 1921 1 -1311 738 -6860 -17912 -2372 482 1 2058 7110 -3191 2736 4585 611 -990 -2667 13830 9762 3413 7627 1 -352 -5970 -3524 -1988 -2918 -875 1 1 -1019 -2162 -5226 -3309 -200 1 -2 
1 1 -10165 -11219 1 1 1 -471 22499 10258 -34324 -3 -19326 106 3649 20977 23444 11531 11283 -20121 468 1715 19393 -3270 -21884 15781 10819 1 -496 -586 3851 30084 -4759 -5492 201 -3457 -27924 12271 -25007 -28510 -48095 1 3025 -31189 -17897 8824 -9821 -10732 1 53 
1 1 1 1 -104 -92 1 137 -66124 -131825 -123213 -23974 -34846 116834 715 -19503 76975 -140164 -63694 42399 137586 -11 -65455 13681 -18536 -72060 92813 1 -2978 -159311 160731 75515 7089 14799 1 -1764 -5968 64248 95775 58905 146603 1 1 -169267 55794 120005 159534 -580660 1 -4483 
1 1 -115413 -142611 -1665 1 1 -153681 154861 -93000 -20512 43761 -210858 1 -10131 99181 101010 -27951 1236 -60522 1 -595 136302 44148 -64279 136715 125134 1 -3794 114608 -235484 160383 -74802 -239833 1 -25394 -59437 -18630 -52166 14677 57205 22897 1 -248982 -119000 -75645 -102468 19077 955 1078 
1 1 1 1 1 1 1 1 910 3627 11827 8212 427 7038 1 6618 -3255 12782 -7128 4272 8214 -149 -9478 1972 6767 -30174 -8136 -410 -407 10696 -4074 -13049 1670 4577 -174 1 9815 16015 6334 2297 3917 1 1 109 527 9166 -1245 1 1 9 
1 61 5326 8947 4311 2129 1 1 -3038 11651 13021 4536 -12702 3371 1 -2399 -3586 1129 -18032 -10791 1374 1 -9235 -9241 5179 -12016 13777 4351 1 -5560 14001 -4060 -4193 12284 384 1 2107 16285 3368 5124 -2783 -1223 1 -82 -1963 -6663 -2278 1 1 -10 
1 1 1 1 1 1 1 1 1715 21420 10474 3970 -31271 246 1 4789 23241 52223 1470 -6160 99 3061 -15847 -33707 -32295 -1960 11447 1 1 -37976 -858 -11351 -11597 -3983 1 1 12701 9494 5566 2405 -1344 1 1 9731 -12553 18756 -2786 -1312 1 27 
1 1 1 1 1 1 1 1 792 1798 12207 6903 -2367 1890 1 7666 -3653 6129 -5831 8172 5085 -149 -4042 -7730 4615 -19980 1420 637 -407 -7804 3182 -288 -7663 2992 0 1 9205 15340 7835 9771 7995 1 1 704 -658 74 -18 171 1 -5 
1 1 1 1 1 1 1 1 -349702 16433 63684 112785 -63810 -32553 1 148450 49024 103841 -3805 23780 -97661 6017 -14083 -55857 -86919 3113 25087 -30215 1 -93700 -38717 -48242 -37763 -245347 -7 1 79218 -39843 1590 -23181 176091 8065 1 147218 82168 96116 113229 59545 337 -1442 
1 21 1776 3838 12062 2766 1 1 187 -7475 -7040 -6280 -20749 8484 1 -1212 -12564 -12106 -17054 -13538 -11177 1 10596 -10341 -7451 2950 20033 4172 1 -22075 39124 17789 5526 9958 187 1 -14698 -10199 11902 -2335 -12514 1 1 1 -3062 -3541 -272 1 1 -13 
1 1 1 -573 1 1 1 89 -283 -4761 -2490 -1405 -7582 -1899 1330 4309 1418 4524 11225 -8874 -6680 13 6080 -10053 -4850 13343 6947 1 1 -10898 172 5245 -2695 -4894 41 1 -2298 -11384 -7768 -5790 -1631 1 1 1421 2373 8305 1445 1 1 1 
1 1 1 1 1 1 1 1 152057 -15084 -6438 -28248 -8718 7327 2401 -45205 -35999 -41041 32808 5060 -163460 1 46928 -17412 11540 50961 155557 -31279 1 -40098 51787 17350 -38165 -259019 -61064 -627849 -8454 -9224 14973 73943 175959 1 1 62038 43437 20120 -113610 151632 1 -6967 
1 1 1 -14349 1 1 1 1 5333 -21850 -4056 -15349 -38090 -11616 1 -29340 12101 -30160 32695 -17909 -35855 1 23381 -21052 3320 41413 38523 1 1 -28555 -31941 49457 -6526 -28095 1 -11309 -39324 -16304 -5941 -9576 28773 289 1 -10894 6686 6153 24072 8649 13 -54 
1 -19 -1774 -1816 -2891 -1337 1 1 -151 -1332 658 2551 -3490 -1919 1 846 6001 6623 16945 1075 -81 137 -1037 -4969 1366 5809 -3935 -976 1 1377 -12047 -3216 -3027 -6835 -185 1 901 -3207 -3797 479 -892 1 1 853 3342 5885 1158 1 1 5 
1 -19 -1774 -5925 -7956 -2786 1 1 293 6132 6556 5439 3250 -5659 1 8600 12400 3226 9979 18663 1116 1 3395 -299 3263 -1888 -95 -652 1 -7819 -18826 -11045 -15302 -13551 583 1 7234 7124 -1769 6762 5915 1 1 1085 6981 4314 1083 256 1 -4 
1 -19 -3510 -3993 -7301 -2712 1 1 2437 8656 578 4360 1353 1 1 10481 4137 903 15605 7104 -1208 65 8924 6186 -5421 5970 -7445 -3211 1 -1910 -16816 2223 -4750 -13186 -208 1 1255 -11444 -820 -7803 11468 289 1 1021 10214 7594 5025 3159 13 0 
1 1 1 1 1 1 1 -103 3908 -2445 4988 8377 13796 2023 -2512 -2457 -3638 -19563 -26344 17637 10295 -389 -11590 18435 5704 -17959 -8341 2283 1 -10776 7881 -796 -8820 6902 1 1 10733 20946 25298 25358 16213 1 1 -2759 -3467 684 -3020 531 1 -7 
1 1 1 1 1 1 1 -87 -101592 -12393 -11683 -1679 -45675 -1644 -15291 -72899 -45297 -30006 -34120 -29673 -657 -58243 25617 24381 33860 18778 35408 1 1 37402 -1959 14281 6445 28264 1 1 2548 -24124 2941 26736 64759 1729 1 81707 81272 48934 72850 116959 73 -1476 
1 1 1 1 1 1 1 1 5735 21871 30258 -17716 -19242 -5885 1 -22510 6364 14938 14592 -2014 -45798 1 52278 22397 8616 36107 6444 -8468 1 19503 -31248 -17369 21710 -20368 -383 1 -25379 -49977 -33907 -75760 -52558 793 1 21364 37135 -3997 30204 15950 34 95 
