1 1 1 1261 136 1 1 1 1 -679 2520 -5895 -138 1 1 1 -2715 1314 714 -3372 1 1 -854 -2182 8985 -2748 -4395 1 1 -3561 -1173 6025 -7771 -1746 1 1 346 1157 -1961 284 1 1 1 1277 87 -611 1 1 1 4 
1 1075 23259 12137 1052 -225 1 1 -14371 -5805 2771 -19704 -16897 671 1 13471 -10577 -19750 -20008 -19193 -139 246 -5169 -24205 19134 -20332 -37782 3613 1970 27697 45003 51949 -6910 -7799 3257 -273 -14979 32711 -5447 10861 2560 -1759 1 -249 -218 -14460 2427 133 1 39 
1 1 -2837 10359 988 94 1 1 4242 40862 15624 10058 30512 1 1 -5925 -10870 20743 1509 -27660 -4031 1 -3141 -10703 40266 3547 -48543 -3869 3678 20628 -38940 -27349 -62 -5520 1 8395 -4618 -8507 -16713 9087 25987 1 1 38109 54986 -63982 -5986 5620 1 15 
1 1 -1951 -1515 1 1 1 1 146 -8121 -6976 -9728 3578 296 1 1010 385 -12412 2506 -2760 -370 151 5629 4526 7803 11246 -4773 973 409 3741 -1514 16582 587 -3132 524 1 -7149 -15430 -12989 -6918 -2712 1 1 -185 318 1693 1401 378 1 4 
1 1 -22447 -17433 1 1 1 1 19689 -2315 8548 -21792 34804 15006 1 8858 15127 26363 -26028 2446 40678 1 -45224 3889 52632 4107 -32036 -8727 1 1457 -49929 8733 -31120 5211 -176 3191 -17488 14518 -10769 10267 16655 1 1 3006 26063 -23514 -13718 1 1 49 
1 1 213 7309 9474 5208 1 1 1257 -28226 -4835 -5490 -2115 -79 1 10772 262 -10093 -37116 -22380 -1527 1 4138 -1887 22316 15219 5997 182 1 -11001 29007 23302 8435 11363 70 1 -8520 -9018 -11494 -8795 712 1 1 -228 -2391 -3015 1 1 1 13 
1 1 -975 -757 1 1 1 133 658 -2422 -7301 -5662 -4530 1 1429 12328 9221 -6176 8087 3512 -138 1 97 -3712 7791 5800 -3306 -946 1 -7208 359 13410 1551 -15962 -81 1 -10223 -6085 -16244 -2954 -5501 1 1 1137 4930 2896 1605 1 1 6 
1 1 -975 -757 1 1 1 1 -856 -6058 -5854 -5556 4850 2169 1 4997 9126 -9783 981 2614 2461 1 -2590 2071 37866 482 -16619 965 1 -8771 -4963 17307 -18162 -4641 571 1 -1255 6842 -14346 4276 2505 -204 1 675 5354 -2798 -863 171 1 -1 
1 1 -5367 -4168 1 1 1 1 3604 811 -3380 -7115 -7298 1 1 19515 12988 -21891 5007 16221 -2675 129 13012 10385 16974 21485 8326 -4367 1 -14047 -13600 23757 -6037 -36779 1 1 -22354 -8145 -32841 -11721 7540 289 1 4504 38375 25269 15754 6363 13 19 
1 1 1 306 3326 1 1 1 4515 25552 2232 6939 -9358 1 -146 9825 4157 -20800 -2544 459 1 1 1182 4210 -16014 4778 7331 1726 124 14788 18871 5515 3517 23509 6223 372 -1099 -4664 6404 7755 5774 1413 1 -3827 -383 1131 3206 1 1 7 
1 1 1197 -6132 -835 1 1 1 5707 23865 7473 5583 -25822 1 -343 3609 1914 -15041 4129 28324 1 1 -1149 5421 -2025 -6509 3685 1 1 3445 3734 -19812 8371 4666 1 2350 226 4545 12036 3845 -4979 1 1 1981 22573 19163 15839 202 1 24 
1 1 1 341 1 1 1 1 1 -701 -6723 -1206 -3817 1 -42 -527 4579 -1668 -1651 599 1 1 -160 12426 -3352 15095 1357 1 1 504 -5073 669 1285 407 1 1 -6665 -1900 -3329 -2603 -2963 1 1 -2551 4202 473 1140 1 1 2 
1 1 1 -2939 -314 1 1 1 236 4398 -7327 7458 1798 1509 -85 125 9960 2071 -5326 20070 7634 1 1220 8900 -7199 1522 3586 1 1 16772 825 -8632 11453 5204 1 1 -1502 5544 4176 -8363 -4644 1 1 -3333 2872 2411 92 1 1 0 
1 1 1 1655 8899 1869 1 1 1 -6036 -12797 -4890 -1728 9601 -85 -441 -6686 -4726 -19395 665 396 1 -396 8362 -4528 5225 2434 1 1 -337 14128 7123 17403 2127 1 1 -7829 -1167 2400 -3268 -2839 1 1 -1913 -191 1 1 1 1 4 
1 1 1 1 1 1 1 1 79 5637 496 2123 -9967 1 -386 1245 13885 3239 7987 1366 1 1 157 5755 -15250 13691 2617 1 1 1571 -2294 -2139 -1103 414 1 1 -5327 -6544 -4613 -8743 -4445 1 1 1071 11518 11728 513 1 1 7 
1 1 1 -36767 -7535 1 1 1 2494 22194 -11388 44451 72561 3251 -257 -1782 71967 -20664 -47434 71723 3822 1 -7825 -27685 -23854 15515 34905 1 1 14960 11253 -32411 22560 12672 1 1 -49005 13026 46929 6312 -12976 1 1 -14427 30628 84935 26290 2479 1 -29 
1 1 1 -419 -44 1 1 1 21 -1976 -7661 -504 -3917 1 -42 2307 8629 1498 5060 1845 1 1 2873 15825 -6700 13629 3582 1 1 957 -5216 -636 -4060 2041 1 1 -5006 -11324 -641 -4160 -3885 1 1 -1913 11935 10436 4705 281 1 4 
1 -5906 -12785 -53540 -52052 23251 1 909 -39272 8467 10642 8171 24072 1 -9181 3585 -33000 63420 20468 -38773 1 1 72195 -30672 27973 22975 -11880 -20642 31423 -13429 -59990 -62741 38765 -36809 -48921 -3732 19125 -2472 -32977 17124 -36834 -63676 1 76311 92588 -9038 65331 118576 1 221 
1 1 -961 -2987 -2883 1 1 1 11033 -15581 -15811 -11167 19584 1576 -67 -5545 8222 -3924 2577 -7947 1 -189 15662 17159 -12184 24787 -3676 -3734 -4281 -13463 -13375 -971 3044 -5518 -4684 1 -2177 -15965 -1214 3631 -20030 3207 1 1 8487 5769 3938 516 1 5 
1 -536 -1212 -2112 -2115 1 1 1 -19877 28451 -12192 4754 -6862 30543 -67 -19251 25861 33220 8579 42461 63126 -244 10742 34491 16441 3151 7544 -17545 -8367 -16889 -61707 -40457 -2691 -16113 -2265 1 -15317 7052 -14853 -2120 -14587 -34200 1 1 1220 8648 -3451 226 1 34 
1 -22668 -13465 -57347 29736 85638 1 1 -37876 -45094 -58540 -24456 -43085 117716 1 -118110 9595 -34313 -67770 -10310 106125 -39689 -3423 46924 -13345 19139 29270 16161 -70145 -78348 -29021 27537 42016 20978 -89917 1 29606 19283 45092 44052 -61030 -4687 1 1 1 1 1 1 1 -348 
1 1 -754 -3747 -6030 1 1 529 -17294 -8692 13993 -65 7018 1 3129 9590 -3899 15990 14851 1607 1 477 8864 3959 -5675 26967 -1664 -11789 -528 -43599 -13619 -16252 9718 -33532 -18638 10 -22586 -25095 -15436 -16390 -29261 -909 1009 21895 38425 31286 11177 -483 1 6 
1 -536 -4113 -77686 -238624 1 1 12445 67985 -39543 -107485 27802 -2664 -165325 83998 -144834 5923 -56918 -33751 43386 101467 -3919 243432 61415 122958 24323 -34151 -299041 -19623 -145817 -106583 -40798 4819 -15265 -26619 1 25750 21322 67520 -11065 36420 -196970 1 19141 221663 110416 -7585 207835 1 -1914 
1 1 -780 -6112 -6297 1 1 1 -2750 2867 7770 18074 3705 1 1 10440 13237 13121 6299 -133 1 -670 28091 16226 -9349 11302 3350 -6421 -4031 -20899 -26521 -10318 485 -19343 -7934 -680 2889 -23613 -11867 -18267 -4479 -198 1 3169 24013 14607 18038 10451 37 -3 
1 1 1 1361 1 1 1 -85 -4050 -9132 -16315 -8369 3145 946 1 -5355 7218 -13583 1497 -10926 1 1 1719 15566 -9652 31353 3010 49 -1019 2129 -289 10891 -5075 -3924 4 -2087 -18841 -1222 -12967 -5509 -4285 1 1 -5099 -1208 -12986 -2300 353 1 5 
1 1 -196741 201111 -22560 -278 1 1 -200068 48150 -18857 67230 23349 2995 -45423 67981 130582 57976 -93968 71443 150750 -2671 25039 94017 -26411 -31221 -51107 1 -4058 53845 -31312 15865 -62969 -88154 440193 -2348 -41916 65894 -66327 -13154 60224 1 1 -161185 -47810 -115101 -124296 -369974 1 1852 
1 1 -298 4069 5818 1048 1 1 -2548 -11823 -3786 693 -2190 1921 1 -1311 738 -6860 -17912 -2372 482 1 2058 7110 -3191 2736 4585 611 -990 -2667 13830 9762 3413 7627 1 -352 -5970 -3524 -1988 -2918 -875 1 1 -1019 -2162 -5226 -3309 -200 1 -2 
1 1 -10165 -11219 1 1 1 -471 22499 10258 -34324 -3 -19326 106 3649 20977 23444 11531 11283 -20121 468 1715 19393 -3270 -21884 15781 10819 1 -496 -586 3851 30084 -4759 -5492 201 -3457 -27924 12271 -25007 -28510 -48095 1 3025 -31189 -17897 8824 -9821 -10732 1 53 
1 1 1 1 -104 -92 1 137 -39325 -62714 -48717 -5704 -34038 49936 715 2680 50048 -57311 -41969 27320 41054 -11 10317 14110 -10627 -50075 14080 1 -2978 -54947 79529 40814 -28354 7705 1 -1764 9577 28853 44655 48076 28112 1 1 -49867 35346 71196 79528 -86169 1 -311 
1 1 -13454 -14849 1 1 1 -15049 19698 -10983 -4723 6936 -49576 1 -1767 42368 52269 -4009 26287 4855 1 -103 51264 32796 -27372 47234 63296 1 -1195 25420 -89181 54948 -33660 -64740 1 -8896 -59919 -23296 -25226 -19947 -5450 5113 1 -88624 -100034 -55088 -20302 -2070 214 240 
1 1 1 1 1 1 1 1 1087 4072 12182 8628 -2434 8190 1 8904 -1172 13135 -6761 6734 9156 -149 -9310 -74 6585 -31090 -8806 -410 -407 17028 -3591 -12672 3814 6486 -174 1 11464 18496 5304 -2855 4607 1 1 177 1263 11074 -2290 1 1 12 
1 61 5326 9800 4324 2513 1 1 -3038 12687 12211 5014 -12427 3371 1 -2399 -3262 336 -18596 -11743 1374 1 -9550 -8191 5622 -9837 14119 4351 1 -6014 15157 -3803 -4481 12088 384 1 2158 18016 2848 5205 -2783 -1223 1 -82 -1963 -7047 -2278 1 1 -10 
1 1 1 1 1 1 1 1 1902 34805 13331 7948 -34617 246 1 5128 27874 58555 -2590 -6448 99 3741 -15882 -38767 -35646 -611 10883 1 1 -50746 1445 -18283 -14700 -186 1 1 14894 17188 10990 -2071 -1344 1 1 12395 -8677 20940 -4505 -1312 1 33 
1 1 1 1 1 1 1 1 846 4899 14691 6534 -6143 1734 1 8980 -1440 3655 -6118 9688 8211 -149 -3497 -7815 6598 -20757 4931 1110 -407 -7967 6538 -686 -10573 2742 -1 1 10223 14772 9948 14540 8125 1 1 656 -3710 -137 25 171 1 -5 
1 1 1 1 1 1 1 1 -67791 4799 46310 70714 -54054 -2131 1 63462 25330 77340 -13204 9245 -6395 4289 3301 -51005 -63652 1903 11115 -4523 1 -88255 -17496 -33509 -34598 -77094 -3 1 64096 -13608 28692 15145 77510 1 1 62740 95846 104250 122827 60001 1 -278 
1 21 1776 3838 13035 3296 1 1 187 -8621 -6792 -1603 -23007 8188 1 -1027 -13503 -14448 -18420 -11529 -11199 1 13008 -12829 -7690 2190 23887 4854 1 -20183 38749 16272 6558 10663 187 1 -15406 -9290 13498 -2217 -14606 1 1 1 -3062 -3541 -272 1 1 -15 
1 1 1 -573 1 1 1 89 -244 -5457 -3312 -1745 -8654 -1899 1330 4808 2641 4641 11023 -9920 -6680 13 6383 -9236 -5413 12424 8005 1 1 -11606 691 4777 -2845 -4831 41 1 -2573 -12853 -8620 -3855 -1631 1 1 536 792 9992 1626 1 1 1 
1 1 1 1 1 1 1 1 152057 -15084 -6438 -28248 -8718 7327 2401 -45205 -35999 -41041 32808 5060 -163460 1 46928 -17412 11540 50961 155557 -31279 1 -40098 51787 17350 -38165 -259019 -61064 -627849 -8454 -9224 14973 73943 175959 1 1 62038 43437 20120 -113610 151632 1 -6967 
1 1 1 -14923 1 1 1 1 5964 -22152 -5260 -14371 -40149 -12308 1 -28692 10760 -29870 32599 -18639 -36382 1 25149 -21776 2570 40983 39607 1 1 -30132 -32511 50532 -3493 -28342 1 -11889 -39470 -17850 -6617 -8646 31024 361 1 -11881 5422 7831 24958 9057 16 -56 
1 -19 -1774 -1816 -2891 -1337 1 1 -151 -1332 658 2551 -3490 -1919 1 846 6001 6623 16945 1075 -81 137 -1037 -4969 1366 5809 -3935 -976 1 1377 -12047 -3216 -3027 -6835 -185 1 901 -3207 -3797 479 -892 1 1 853 3342 5885 1158 1 1 5 
1 -19 -1774 -9113 -8909 -2786 1 1 293 10183 4170 7995 2880 -7579 1 8388 16694 4317 15133 18341 361 1 3864 -3630 8168 -5723 678 275 1 -8847 -22899 -8360 -17221 -17980 1735 1 6291 8565 -3236 12414 7730 1 1 1085 7627 7673 1421 256 1 -5 
1 -19 -3510 -3993 -7301 -2712 1 1 2437 8656 578 4360 1353 1 1 10481 4137 903 15605 7104 -1208 65 8924 6186 -5421 5970 -7445 -3211 1 -1910 -16816 2223 -4750 -13186 -208 1 1255 -11444 -820 -7803 11468 289 1 1021 10214 7594 5025 3159 13 0 
1 1 1 1 1 1 1 -103 3890 -2217 5530 8597 13796 2023 -2512 -1097 -2348 -21929 -24019 19469 10955 -389 -10918 16926 4656 -18326 -7505 2446 1 -10708 9586 -3192 -9764 7491 1 1 11037 23152 24858 27586 16278 1 1 -2759 -2886 310 -3047 531 1 -7 
1 1 1 1 1 1 1 -87 -101592 -12393 -11683 -1679 -45675 -1644 -15291 -72899 -45297 -30006 -34120 -29673 -657 -58243 25617 24381 33860 18778 35408 1 1 37402 -1959 14281 6445 28264 1 1 2548 -24124 2941 26736 64759 1729 1 81707 81272 48934 72850 116959 73 -1476 
1 1 1 1 1 1 1 1 7350 26122 38167 -19341 -19093 -5885 1 -25364 8798 12233 15615 252 -50418 1 54037 24911 10976 38620 8027 -9609 1 18497 -27486 -21869 19831 -15531 -383 1 -23771 -58048 -37210 -83955 -64458 865 1 26024 38096 -1120 24585 18685 37 112
